Number of measurement points: 816
Sample Rate (Hz): 10
Low limit Ch0 (V): -10
Upper limit Ch0 (V): 10
Low limit Ch1 (V): -10
Upper limit Ch1 (V): 10

Index	Time[s]	Ch0[V]	Ch1[V]
0	0	-1.02567149884999	-0.244960763026029
1	0.1	-1.02438319730572	-0.241095858393237
2	0.2	-1.02309489576146	-0.241095858393237
3	0.3	-1.02567149884999	-0.242384159937501
4	0.4	-1.02438319730572	-0.242384159937501
5	0.5	-1.02567149884999	-0.241095858393237
6	0.6	-1.02309489576146	-0.239807556848973
7	0.7	-1.02438319730572	-0.238519255304709
8	0.8	-1.0218065942172	-0.238519255304709
9	0.9	-1.02438319730572	-0.237230953760445
10	1	-1.02309489576146	-0.235942652216181
11	1.1	-1.02438319730572	-0.237230953760445
12	1.2	-1.02438319730572	-0.235942652216181
13	1.3	-1.02567149884999	-0.235942652216181
14	1.4	-1.02309489576146	-0.230789446039125
15	1.5	-1.02438319730572	-0.235942652216181
16	1.6	-1.02309489576146	-0.233366049127653
17	1.7	-1.02309489576146	-0.230789446039125
18	1.8	-1.02567149884999	-0.226924541406333
19	1.9	-1.02438319730572	-0.220483033685014
20	2	-1.02567149884999	-0.210176621330902
21	2.1	-1.02567149884999	-0.189563796622679
22	2.2	-1.02567149884999	-0.154779654927552
23	2.3	-1.02567149884999	-0.135455131763592
24	2.4	-1.02567149884999	-0.13803173485212
25	2.5	-1.02567149884999	-0.140608337940648
26	2.6	-1.02695980039425	-0.143184941029176
27	2.7	-1.02567149884999	-0.14447324257344
28	2.8	-1.02567149884999	-0.148338147206232
29	2.9	-1.02567149884999	-0.153491353383288
30	3	-1.02567149884999	-0.162509464193135
31	3.1	-1.02438319730572	-0.183122288901359
32	3.2	-1.02438319730572	-0.223059636773542
33	3.3	-1.02309489576146	-0.251402270747349
34	3.4	-1.02695980039425	-0.250113969203085
35	3.5	-1.02438319730572	-0.247537366114557
36	3.6	-1.02438319730572	-0.251402270747349
37	3.7	-1.02438319730572	-0.248825667658821
38	3.8	-1.02309489576146	-0.247537366114557
39	3.9	-1.02567149884999	-0.247537366114557
40	4	-1.02309489576146	-0.242384159937501
41	4.1	-1.02438319730572	-0.235942652216181
42	4.2	-1.02438319730572	-0.237230953760445
43	4.3	-1.02567149884999	-0.230789446039125
44	4.4	-1.02438319730572	-0.224347938317806
45	4.5	-1.02567149884999	-0.221771335229278
46	4.6	-1.02438319730572	-0.224347938317806
47	4.7	-1.02567149884999	-0.228212842950597
48	4.8	-1.02438319730572	-0.234654350671917
49	4.9	-1.02309489576146	-0.233366049127653
50	5	-1.02051829267293	-0.233366049127653
51	5.1	-1.01665338804014	-0.228212842950597
52	5.2	-1.01407678495161	-0.225636239862069
53	5.3	-1.01021188031882	-0.226924541406333
54	5.4	-1.00763527723029	-0.235942652216181
55	5.5	-1.00634697568603	-0.233366049127653
56	5.6	-1.00119376950897	-0.230789446039125
57	5.7	-0.998617166420445	-0.225636239862069
58	5.8	-0.994752261787653	-0.221771335229278
59	5.9	-0.992175658699125	-0.220483033685014
60	6	-0.985734150977805	-0.225636239862069
61	6.1	-0.983157547889277	-0.225636239862069
62	6.2	-0.980580944800749	-0.224347938317806
63	6.3	-0.975427738623694	-0.220483033685014
64	6.4	-0.972851135535166	-0.216618129052222
65	6.5	-0.96769792935811	-0.214041525963694
66	6.6	-0.966409627813846	-0.21275322441943
67	6.7	-0.96125642163679	-0.207600018242374
68	6.8	-0.959968120092526	-0.196005304343998
69	6.9	-0.956103215459734	-0.165086067281663
70	7	-0.950950009282678	-0.140608337940648
71	7.1	-0.949661707738414	-0.143184941029176
72	7.2	-0.945796803105623	-0.147049845661968
73	7.3	-0.941931898472831	-0.15091475029476
74	7.4	-0.939355295384303	-0.154779654927552
75	7.5	-0.935490390751511	-0.158644559560344
76	7.6	-0.931625486118719	-0.163797765737399
77	7.7	-0.926472279941663	-0.174104178091511
78	7.8	-0.923895676853135	-0.189563796622679
79	7.9	-0.920030772220343	-0.228212842950597
80	8	-0.916165867587551	-0.264285286189988
81	8.1	-0.91230096295476	-0.269438492367044
82	8.2	-0.908436058321968	-0.270726793911308
83	8.3	-0.903282852144912	-0.269438492367044
84	8.4	-0.900706249056384	-0.270726793911308
85	8.5	-0.894264741335064	-0.269438492367044
86	8.6	-0.8929764397908	-0.275880000088364
87	8.7	-0.887823233613744	-0.28103320626542
88	8.8	-0.882670027436689	-0.28103320626542
89	8.9	-0.882670027436689	-0.279744904721156
90	9	-0.876228519715369	-0.2745916985441
91	9.1	-0.873651916626841	-0.270726793911308
92	9.2	-0.868498710449785	-0.277168301632628
93	9.3	-0.867210408905521	-0.28103320626542
94	9.4	-0.862057202728465	-0.28103320626542
95	9.5	-0.859480599639937	-0.279744904721156
96	9.6	-0.854327393462881	-0.277168301632628
97	9.7	-0.849174187285826	-0.269438492367044
98	9.8	-0.846597584197298	-0.277168301632628
99	9.9	-0.841444378020242	-0.282321507809684
100	10	-0.840156076475978	-0.279744904721156
101	10.1	-0.833714568754658	-0.278456603176892
102	10.2	-0.83113796566613	-0.2745916985441
103	10.3	-0.827273061033338	-0.273303396999836
104	10.4	-0.82469645794481	-0.278456603176892
105	10.5	-0.819543251767755	-0.277168301632628
106	10.6	-0.815678347134963	-0.279744904721156
107	10.7	-0.810525140957907	-0.278456603176892
108	10.8	-0.809236839413643	-0.2745916985441
109	10.9	-0.804083633236587	-0.277168301632628
110	11	-0.801507030148059	-0.28103320626542
111	11.1	-0.796353823971003	-0.284898110898212
112	11.2	-0.791200617793947	-0.283609809353948
113	11.3	-0.787335713161156	-0.270726793911308
114	11.4	-0.784759110072628	-0.265573587734252
115	11.5	-0.780894205439836	-0.255267175380141
116	11.6	-0.778317602351308	-0.238519255304709
117	11.7	-0.773164396174252	-0.19987020897679
118	11.8	-0.771876094629988	-0.19987020897679
119	11.9	-0.768011189997196	-0.201158510521054
120	12	-0.764146285364404	-0.202446812065318
121	12.1	-0.758993079187348	-0.211464922875166
122	12.2	-0.756416476098821	-0.210176621330902
123	12.3	-0.751263269921765	-0.210176621330902
124	12.4	-0.747398365288973	-0.210176621330902
125	12.5	-0.742245159111917	-0.217906430596486
126	12.6	-0.738380254479125	-0.246249064570293
127	12.7	-0.734515349846333	-0.28747471398674
128	12.8	-0.729362143669277	-0.286186412442476
129	12.9	-0.72678554058075	-0.275880000088364
130	13	-0.719055731315166	-0.266861889278516
131	13.1	-0.716479128226638	-0.279744904721156
132	13.2	-0.711325922049582	-0.282321507809684
133	13.3	-0.708749318961054	-0.2745916985441
134	13.4	-0.704884414328262	-0.259132080012932
135	13.5	-0.697154605062678	-0.251402270747349
136	13.6	-0.695866303518414	-0.259132080012932
137	13.7	-0.689424795797095	-0.26815019082278
138	13.8	-0.685559891164303	-0.265573587734252
139	13.9	-0.681694986531511	-0.251402270747349
140	14	-0.676541780354455	-0.247537366114557
141	14.1	-0.673965177265927	-0.253978873835877
142	14.2	-0.670100272633135	-0.264285286189988
143	14.3	-0.664947066456079	-0.265573587734252
144	14.4	-0.662370463367552	-0.250113969203085
145	14.5	-0.657217257190496	-0.234654350671917
146	14.6	-0.65206405101344	-0.233366049127653
147	14.7	-0.648199146380648	-0.244960763026029
148	14.8	-0.644334241747856	-0.246249064570293
149	14.9	-0.641757638659328	-0.235942652216181
150	15	-0.636604432482272	-0.220483033685014
151	15.1	-0.631451226305217	-0.208888319786638
152	15.2	-0.627586321672425	-0.211464922875166
153	15.3	-0.623721417039633	-0.208888319786638
154	15.4	-0.618568210862577	-0.193428701255471
155	15.5	-0.615991607774049	-0.171527575002983
156	15.6	-0.609550100052729	-0.158644559560344
157	15.7	-0.606973496964201	-0.168950971914455
158	15.8	-0.603108592331409	-0.172815876547247
159	15.9	-0.597955386154354	-0.168950971914455
160	16	-0.592802179977298	-0.153491353383288
161	16.1	-0.588937275344506	-0.14447324257344
162	16.2	-0.585072370711714	-0.145761544117704
163	16.3	-0.581207466078922	-0.134166830219328
164	16.4	-0.576054259901866	-0.0955177838914096
165	16.5	-0.573477656813338	-0.08263476844877
166	16.6	-0.568324450636283	-0.083923069993034
167	16.7	-0.565747847547755	-0.0877879746258259
168	16.8	-0.561882942914963	-0.0968060854356736
169	16.9	-0.556729736737907	-0.100670990068465
170	17	-0.555441435193643	-0.0980943869799376
171	17.1	-0.550288229016587	-0.0955177838914096
172	17.2	-0.545135022839531	-0.107112497789785
173	17.3	-0.541270118206739	-0.13803173485212
174	17.4	-0.536116912029684	-0.175392479635775
175	17.5	-0.530963705852628	-0.185698891989887
176	17.6	-0.527098801219836	-0.175392479635775
177	17.7	-0.523233896587044	-0.172815876547247
178	17.8	-0.518080690409988	-0.185698891989887
179	17.9	-0.514215785777196	-0.188275495078415
180	18	-0.50906257960014	-0.177969082724303
181	18.1	-0.506485976511613	-0.166374368825927
182	18.2	-0.501332770334557	-0.162509464193135
183	18.3	-0.498756167246029	-0.188275495078415
184	18.4	-0.493602961068973	-0.186987193534151
185	18.5	-0.487161453347653	-0.172815876547247
186	18.6	-0.485873151803389	-0.159932861104608
187	18.7	-0.480719945626333	-0.166374368825927
188	18.8	-0.478143342537805	-0.183122288901359
189	18.9	-0.47299013636075	-0.184410590445623
190	19	-0.467836930183694	-0.166374368825927
191	19.1	-0.463972025550902	-0.153491353383288
192	19.2	-0.458818819373846	-0.152203051839024
193	19.3	-0.456242216285318	-0.165086067281663
194	19.4	-0.449800708563998	-0.166374368825927
195	19.5	-0.44722410547547	-0.15735625801608
196	19.6	-0.442070899298415	-0.147049845661968
197	19.7	-0.436917693121359	-0.154779654927552
198	19.8	-0.433052788488567	-0.170239273458719
199	19.9	-0.427899582311511	-0.171527575002983
200	20	-0.422746376134455	-0.15735625801608
201	20.1	-0.420169773045927	-0.15091475029476
202	20.2	-0.413728265324607	-0.161221162648872
203	20.3	-0.41115166223608	-0.177969082724303
204	20.4	-0.405998456059024	-0.167662670370191
205	20.5	-0.403421852970496	-0.153491353383288
206	20.6	-0.39826864679344	-0.15735625801608
207	20.7	-0.395692043704912	-0.177969082724303
208	20.8	-0.390538837527856	-0.194717002799734
209	20.9	-0.387962234439328	-0.185698891989887
210	21	-0.382809028262272	-0.161221162648872
211	21.1	-0.380232425173745	-0.132878528675064
212	21.2	-0.376367520540953	-0.118707211688161
213	21.3	-0.372502615908161	-0.121283814776689
214	21.4	-0.368637711275369	-0.119995513232425
215	21.5	-0.366061108186841	-0.110977402422577
216	21.6	-0.360907902009785	-0.103247593156993
217	21.7	-0.358331298921257	-0.103247593156993
218	21.8	-0.354466394288465	-0.109689100878313
219	21.9	-0.350601489655674	-0.113554005511105
220	22	-0.346736585022882	-0.118707211688161
221	22.1	-0.341583378845826	-0.136743433307856
222	22.2	-0.33643017266877	-0.166374368825927
223	22.3	-0.335141871124506	-0.179257384268567
224	22.4	-0.328700363403186	-0.179257384268567
225	22.5	-0.324835458770394	-0.167662670370191
226	22.6	-0.322258855681866	-0.163797765737399
227	22.7	-0.315817347960547	-0.177969082724303
228	22.8	-0.313240744872019	-0.198581907432526
229	22.9	-0.306799237150699	-0.201158510521054
230	23	-0.305510935606435	-0.198581907432526
231	23.1	-0.300357729429379	-0.203735113609582
232	23.2	-0.296492824796587	-0.220483033685014
233	23.3	-0.293916221708059	-0.239807556848973
234	23.4	-0.28747471398674	-0.244960763026029
235	23.5	-0.284898110898212	-0.238519255304709
236	23.6	-0.278456603176892	-0.235942652216181
237	23.7	-0.277168301632628	-0.255267175380141
238	23.8	-0.270726793911308	-0.253978873835877
239	23.9	-0.266861889278516	-0.241095858393237
240	24	-0.26170868310146	-0.226924541406333
241	24.1	-0.257843778468668	-0.234654350671917
242	24.2	-0.253978873835877	-0.243672461481765
243	24.3	-0.250113969203085	-0.239807556848973
244	24.4	-0.246249064570293	-0.217906430596486
245	24.5	-0.241095858393237	-0.19987020897679
246	24.6	-0.238519255304709	-0.19987020897679
247	24.7	-0.233366049127653	-0.207600018242374
248	24.8	-0.232077747583389	-0.203735113609582
249	24.9	-0.225636239862069	-0.193428701255471
250	25	-0.223059636773542	-0.175392479635775
251	25.1	-0.21919473214075	-0.176680781180039
252	25.2	-0.215329827507958	-0.179257384268567
253	25.3	-0.210176621330902	-0.183122288901359
254	25.4	-0.208888319786638	-0.175392479635775
255	25.5	-0.202446812065318	-0.172815876547247
256	25.6	-0.19987020897679	-0.184410590445623
257	25.7	-0.194717002799734	-0.21275322441943
258	25.8	-0.190852098166943	-0.211464922875166
259	25.9	-0.186987193534151	-0.211464922875166
260	26	-0.181833987357095	-0.225636239862069
261	26.1	-0.179257384268567	-0.244960763026029
262	26.2	-0.176680781180039	-0.277168301632628
263	26.3	-0.170239273458719	-0.277168301632628
264	26.4	-0.166374368825927	-0.28747471398674
265	26.5	-0.162509464193135	-0.314529046416283
266	26.6	-0.158644559560344	-0.348024886567146
267	26.7	-0.154779654927552	-0.399556948337704
268	26.8	-0.149626448750496	-0.420169773045927
269	26.9	-0.14447324257344	-0.440782597754151
270	27	-0.143184941029176	-0.436917693121359
271	27.1	-0.136743433307856	-0.439494296209887
272	27.2	-0.132878528675064	-0.416304868413135
273	27.3	-0.129013624042273	-0.366061108186841
274	27.4	-0.125148719409481	-0.337718474213034
275	27.5	-0.121283814776689	-0.326123760314658
276	27.6	-0.116130608599633	-0.320970554137602
277	27.7	-0.113554005511105	-0.301646030973643
278	27.8	-0.107112497789785	-0.279744904721156
279	27.9	-0.104535894701257	-0.279744904721156
280	28	-0.0993826885242015	-0.302934332517907
281	28.1	-0.0980943869799376	-0.33643017266877
282	28.2	-0.0929411808028817	-0.368637711275369
283	28.3	-0.0903645777143538	-0.415016566868871
284	28.4	-0.085211371537298	-0.46010712091811
285	28.5	-0.08263476844877	-0.514215785777196
286	28.6	-0.0800581653602421	-0.625009718583897
287	28.7	-0.0736166576389223	-0.749974968377501
288	28.8	-0.0697517530061305	-0.858192298095673
289	28.9	-0.0671751499176025	-0.962544723181054
290	29	-0.0620219437405467	-1.14290693937801
291	29.1	-0.0594453406520188	-1.37093631271273
292	29.2	-0.053003832930699	-1.55001022736542
293	29.3	-0.051715531386435	-1.78834601305425
294	29.4	-0.0465623252093792	-2.02668179874308
295	29.5	-0.0439857221208513	-2.24311645817943
296	29.6	-0.0388325159437954	-2.55102052725852
297	29.7	-0.0362559128552675	-2.65794955543242
298	29.8	-0.0311027066782117	-2.94395249825902
299	29.9	-0.0272378020454198	-3.1307562221773
300	30	-0.0233728974126279	-3.32528975536115
301	30.1	-0.0195079927798361	-3.59454477811232
302	30.2	-0.0169313896913081	-3.67570777540095
303	30.3	-0.0130664850585163	-3.85220508696511
304	30.4	-0.00920158042572439	-4.00937787536532
305	30.5	-0.00791327888146043	-4.15753255295567
306	30.6	-0.00276007270440459	-4.23354234406725
307	30.7	-0.00147177116014063	-4.36494910158217
308	30.8	0.00239313347265124	-4.35721929231659
309	30.9	0.00625803810544312	-4.35335438768379
310	31	0.010122942738235	-4.43580568651669
311	31.1	0.0126995458267629	-4.50537396990694
312	31.2	0.0165644504595548	-4.51439208071679
313	31.3	0.0191410535480827	-4.35721929231659
314	31.4	0.0230059581808746	-4.22838913789019
315	31.5	0.0268708628136665	-4.13691972824745
316	31.6	0.0307357674464583	-4.10728879272938
317	31.7	0.0346006720792502	-4.06090993713588
318	31.8	0.0384655767120421	-3.6988972031977
319	31.9	0.04104217980057	-3.43608368816786
320	32	0.0449070844333619	-3.21191921946593
321	32.1	0.0500602906104177	-3.04186341562308
322	32.2	0.0526368936989456	-2.77518499596044
323	32.3	0.0552134967874736	-2.44151489599608
324	32.4	0.0603667029645294	-2.15164704853669
325	32.5	0.0629433060530573	-1.95582521380857
326	32.6	0.0693848137743771	-1.83085996401496
327	32.7	0.0706731153186411	-1.60540719376877
328	32.8	0.0745380199514329	-1.41731516830623
329	32.9	0.0758263214956969	-1.20732201659121
330	33	0.0835561307612807	-1.05916733900085
331	33.1	0.0848444323055446	-0.938066993840039
332	33.2	0.0887093369383365	-0.814390045590699
333	33.3	0.0938625431153923	-0.690713097341359
334	33.4	0.0964391462039202	-0.59666708461009
335	33.5	0.101592352380976	-0.574765958357602
336	33.6	0.10288065392524	-0.548999927472323
337	33.7	0.106745558558032	-0.492314659524709
338	33.8	0.110610463190824	-0.467836930183694
339	33.9	0.114475367823616	-0.454953914741054
340	34	0.120916875544935	-0.488449754891917
341	34.1	0.122205177089199	-0.497467865701765
342	34.2	0.127358383266255	-0.500044468790293
343	34.3	0.131223287899047	-0.520657293498516
344	34.4	0.135088192531839	-0.539981816662475
345	34.5	0.141529700253159	-0.582495767623186
346	34.6	0.142818001797423	-0.595378783065826
347	34.7	0.147971207974479	-0.592802179977298
348	34.8	0.150547811063007	-0.587648973800242
349	34.9	0.155701017240062	-0.574765958357602
350	35	0.15827762032859	-0.599243687698618
351	35.1	0.160854223417118	-0.613415004685521
352	35.2	0.166007429594174	-0.542558419751003
353	35.3	0.169872334226966	-0.443359200842679
354	35.4	0.175025540404022	-0.399556948337704
355	35.5	0.175025540404022	-0.400845249881968
356	35.6	0.178890445036814	-0.395692043704912
357	35.7	0.181467048125342	-0.421458074590191
358	35.8	0.184043651213869	-0.420169773045927
359	35.9	0.187908555846661	-0.412439963780344
360	36	0.190485158935189	-0.420169773045927
361	36.1	0.193061762023717	-0.431764486944303
362	36.2	0.196926666656509	-0.505197674967349
363	36.3	0.200791571289301	-0.6391810355708
364	36.4	0.205944777466357	-0.685559891164303
365	36.5	0.207233079010621	-0.653352352557704
366	36.6	0.213674586731941	-0.646910844836384
367	36.7	0.216251189820468	-0.654640654101968
368	36.8	0.22011609445326	-0.668811971088871
369	36.9	0.222692697541788	-0.663658764911816
370	37	0.22655760217458	-0.637892734026536
371	37.1	0.230422506807372	-0.631451226305217
372	37.2	0.235575712984428	-0.6391810355708
373	37.3	0.238152316072956	-0.666235368000343
374	37.4	0.242017220705748	-0.654640654101968
375	37.5	0.244593823794276	-0.621144813951105
376	37.6	0.249747029971331	-0.612126703141257
377	37.7	0.254900236148387	-0.630162924760953
378	37.8	0.256188537692651	-0.682983288075775
379	37.9	0.261341743869707	-0.684271589620039
380	38	0.263918346958235	-0.655928955646232
381	38.1	0.269071553135291	-0.655928955646232
382	38.2	0.271648156223819	-0.663658764911816
383	38.3	0.274224759312347	-0.711325922049582
384	38.4	0.278089663945138	-0.725497239036486
385	38.5	0.283242870122194	-0.703596112783998
386	38.6	0.285819473210722	-0.689424795797095
387	38.7	0.292260980932042	-0.663658764911816
388	38.8	0.292260980932042	-0.653352352557704
389	38.9	0.29483758402057	-0.706172715872526
390	39	0.298702488653362	-0.737091952934861
391	39.1	0.297414187109098	-0.735803651390597
392	39.2	0.30127909174189	-0.737091952934861
393	39.3	0.30127909174189	-0.729362143669277
394	39.4	0.305143996374682	-0.72678554058075
395	39.5	0.306432297918946	-0.72034403285943
396	39.6	0.306432297918946	-0.710037620505318
397	39.7	0.306432297918946	-0.684271589620039
398	39.8	0.309008901007473	-0.644334241747856
399	39.9	0.306432297918946	-0.565747847547755
400	40	0.30772059946321	-0.431764486944303
401	40.1	0.306432297918946	-0.32354715722613
402	40.2	0.306432297918946	-0.331276966491714
403	40.3	0.306432297918946	-0.341583378845826
404	40.4	0.306432297918946	-0.346736585022882
405	40.5	0.306432297918946	-0.357042997376993
406	40.6	0.305143996374682	-0.369926012819633
407	40.7	0.30772059946321	-0.386673932895064
408	40.8	0.306432297918946	-0.420169773045927
409	40.9	0.30772059946321	-0.492314659524709
410	41	0.30772059946321	-0.641757638659328
411	41.1	0.310297202551737	-0.777029300807044
412	41.2	0.311585504096001	-0.783470808528364
413	41.3	0.318027011817321	-0.789912316249683
414	41.4	0.320603614905849	-0.786047411616892
415	41.5	0.321891916450113	-0.793777220882475
416	41.6	0.324468519538641	-0.792488919338211
417	41.7	0.325756821082905	-0.755128174554557
418	41.8	0.332198328804225	-0.724208937492222
419	41.9	0.334774931892753	-0.779605903895572
420	42	0.339928138069808	-0.784759110072628
421	42.1	0.3437930427026	-0.791200617793947
422	42.2	0.348946248879656	-0.778317602351308
423	42.3	0.348946248879656	-0.734515349846333
424	42.4	0.355387756600976	-0.766722888452932
425	42.5	0.357964359689504	-0.805371934780851
426	42.6	0.36311756586656	-0.82469645794481
427	42.7	0.364405867410824	-0.825984759489074
428	42.8	0.36955907358788	-0.82469645794481
429	42.9	0.370847375132143	-0.800218728603795
430	43	0.377288882853463	-0.83757947338745
431	43.1	0.377288882853463	-0.853039091918617
432	43.2	0.383730390574783	-0.858192298095673
433	43.3	0.386306993663311	-0.863345504272729
434	43.4	0.388883596751839	-0.823408156400546
435	43.5	0.394036802928895	-0.825984759489074
436	43.6	0.397901707561687	-0.877516821259633
437	43.7	0.401766612194479	-0.883958328980953
438	43.8	0.404343215283006	-0.878805122803897
439	43.9	0.409496421460062	-0.864633805816993
440	44	0.410784723004326	-0.825984759489074
441	44.1	0.417226230725646	-0.863345504272729
442	44.2	0.41851453226991	-0.876228519715369
443	44.3	0.42495603999123	-0.863345504272729
444	44.4	0.426244341535494	-0.836291171843186
445	44.5	0.432685849256814	-0.761569682275876
446	44.6	0.435262452345341	-0.712614223593846
447	44.7	0.437839055433869	-0.543846721295267
448	44.8	0.442992261610925	-0.358331298921257
449	44.9	0.446857166243717	-0.363484505098313
450	45	0.450722070876509	-0.353178092744201
451	45.1	0.455875277053565	-0.380232425173745
452	45.2	0.458451880142093	-0.399556948337704
453	45.3	0.464893387863412	-0.418881471501663
454	45.4	0.466181689407676	-0.442070899298415
455	45.5	0.471334895584732	-0.474278437905014
456	45.6	0.475199800217524	-0.550288229016587
457	45.7	0.477776403306052	-0.756416476098821
458	45.8	0.482929609483108	-1.01665338804014
459	45.9	0.489371117204428	-1.04241941892542
460	46	0.489371117204428	-1.03855451429263
461	46.1	0.494524323381484	-0.962544723181054
462	46.2	0.497100926470011	-1.00119376950897
463	46.3	0.502254132647067	-1.04757262510248
464	46.4	0.504830735735595	-1.05143752973527
465	46.5	0.508695640368387	-1.05143752973527
466	46.6	0.508695640368387	-1.04241941892542
467	46.7	0.515137148089707	-0.958679818548262
468	46.8	0.515137148089707	-1.00763527723029
469	46.9	0.517713751178235	-1.03726621274836
470	47	0.516425449633971	-1.05143752973527
471	47.1	0.516425449633971	-1.04241941892542
472	47.2	0.516425449633971	-1.00505867414176
473	47.3	0.520290354266763	-0.992175658699125
474	47.4	0.524155258899555	-1.03726621274836
475	47.5	0.526731861988083	-1.03468960965984
476	47.6	0.52930846507661	-1.03855451429263
477	47.7	0.531885068165138	-0.999905467964709
478	47.8	0.539614877430722	-0.927760581485927
479	47.9	0.539614877430722	-0.966409627813846
480	48	0.544768083607778	-1.01278848340735
481	48.1	0.546056385152042	-1.01922999112867
482	48.2	0.551209591329098	-1.02567149884999
483	48.3	0.552497892873362	-1.00634697568603
484	48.4	0.557651099050418	-0.927760581485927
485	48.5	0.560227702138945	-0.894264741335064
486	48.6	0.564092606771737	-0.97413943707943
487	48.7	0.567957511404529	-0.989599055610597
488	48.8	0.570534114493057	-0.980580944800749
489	48.9	0.570534114493057	-0.978004341712222
490	49	0.571822416037321	-0.96125642163679
491	49.1	0.570534114493057	-0.935490390751511
492	49.2	0.571822416037321	-0.894264741335064
493	49.3	0.573110717581585	-0.822119854856282
494	49.4	0.575687320670113	-0.673965177265927
495	49.5	0.576975622214377	-0.378944123629481
496	49.6	0.579552225302905	-0.339006775757298
497	49.7	0.583417129935697	-0.371214314363897
498	49.8	0.585993733024225	-0.409863360691816
499	49.9	0.589858637657017	-0.427899582311511
500	50	0.593723542289808	-0.442070899298415
501	50.1	0.596300145378336	-0.451089010108262
502	50.2	0.600165050011128	-0.442070899298415
503	50.3	0.60402995464392	-0.527098801219836
504	50.4	0.607894859276712	-0.721632334403694
505	50.5	0.61047146236524	-1.00248207105324
506	50.6	0.615624668542296	-1.09781638532877
507	50.7	0.619489573175088	-1.08106846525334
508	50.8	0.623354477807879	-1.00505867414176
509	50.9	0.627219382440671	-1.02953640348278
510	51	0.629795985529199	-1.09008657606319
511	51.1	0.636237493250519	-1.09008657606319
512	51.2	0.636237493250519	-1.09137487760745
513	51.3	0.641390699427575	-1.07978016370907
514	51.4	0.641390699427575	-1.05143752973527
515	51.5	0.646543905604631	-0.989599055610597
516	51.6	0.649120508693159	-1.02438319730572
517	51.7	0.652985413325951	-1.06174394208938
518	51.8	0.652985413325951	-1.07205035444349
519	51.9	0.658138619503006	-1.07205035444349
520	52	0.65942692104727	-1.07205035444349
521	52.1	0.663291825680062	-1.06947375135496
522	52.2	0.663291825680062	-1.050149228191
523	52.3	0.667156730312854	-0.978004341712222
524	52.4	0.667156730312854	-0.904571153689176
525	52.5	0.671021634945646	-0.913589264499024
526	52.6	0.67230993648991	-0.968986230902374
527	52.7	0.674886539578438	-1.01665338804014
528	52.8	0.676174841122702	-1.03211300657131
529	52.9	0.677463142666966	-1.03340130811557
530	53	0.67875144421123	-1.02824810193852
531	53.1	0.680039745755494	-1.02051829267293
532	53.2	0.683904650388286	-1.01536508649588
533	53.3	0.683904650388286	-1.00119376950897
534	53.4	0.685192951932549	-0.984445849433541
535	53.5	0.686481253476813	-0.96125642163679
536	53.6	0.687769555021077	-0.934202089207247
537	53.7	0.690346158109605	-0.904571153689176
538	53.8	0.692922761198133	-0.895553042879328
539	53.9	0.694211062742397	-0.88653493206948
540	54	0.698075967375189	-0.832426267210394
541	54.1	0.699364268919453	-0.71390252513811
542	54.2	0.700652570463717	-0.482008247170597
543	54.3	0.699364268919453	-0.390538837527856
544	54.4	0.700652570463717	-0.402133551426232
545	54.5	0.701940872007981	-0.41115166223608
546	54.6	0.703229173552245	-0.424034677678719
547	54.7	0.704517475096509	-0.445935803931206
548	54.8	0.704517475096509	-0.463972025550902
549	54.9	0.703229173552245	-0.492314659524709
550	55	0.704517475096509	-0.545135022839531
551	55.1	0.704517475096509	-0.675253478810191
552	55.2	0.704517475096509	-0.921319073764607
553	55.3	0.707094078185037	-1.07849186216481
554	55.4	0.703229173552245	-1.08622167143039
555	55.5	0.704517475096509	-1.07978016370907
556	55.6	0.705805776640773	-1.08493336988613
557	55.7	0.704517475096509	-1.07333865598775
558	55.8	0.707094078185037	-1.07076205289923
559	55.9	0.705805776640773	-1.07849186216481
560	56	0.705805776640773	-1.06432054517791
561	56.1	0.707094078185037	-1.06174394208938
562	56.2	0.705805776640773	-1.06947375135496
563	56.3	0.707094078185037	-1.06045564054511
564	56.4	0.705805776640773	-1.06432054517791
565	56.5	0.705805776640773	-1.0540141328238
566	56.6	0.707094078185037	-1.04628432355821
567	56.7	0.707094078185037	-1.04886092664674
568	56.8	0.707094078185037	-1.05143752973527
569	56.9	0.707094078185037	-1.04499602201395
570	57	0.707094078185037	-1.03211300657131
571	57.1	0.705805776640773	-1.03855451429263
572	57.2	0.708382379729301	-1.03340130811557
573	57.3	0.705805776640773	-1.03984281583689
574	57.4	0.707094078185037	-1.02953640348278
575	57.5	0.705805776640773	-1.02824810193852
576	57.6	0.707094078185037	-1.01922999112867
577	57.7	0.707094078185037	-1.0218065942172
578	57.8	0.707094078185037	-1.01278848340735
579	57.9	0.707094078185037	-1.01021188031882
580	58	0.707094078185037	-1.00248207105324
581	58.1	0.707094078185037	-0.994752261787653
582	58.2	0.705805776640773	-0.987022452522069
583	58.3	0.709670681273565	-0.97413943707943
584	58.4	0.705805776640773	-0.962544723181054
585	58.5	0.707094078185037	-0.952238310826942
586	58.6	0.704517475096509	-0.927760581485927
587	58.7	0.707094078185037	-0.867210408905521
588	58.8	0.707094078185037	-0.766722888452932
589	58.9	0.705805776640773	-0.560594641370699
590	59	0.707094078185037	-0.387962234439328
591	59.1	0.705805776640773	-0.396980345249176
592	59.2	0.705805776640773	-0.407286757603288
593	59.3	0.705805776640773	-0.420169773045927
594	59.4	0.707094078185037	-0.436917693121359
595	59.5	0.705805776640773	-0.454953914741054
596	59.6	0.705805776640773	-0.482008247170597
597	59.7	0.705805776640773	-0.525810499675572
598	59.8	0.707094078185037	-0.625009718583897
599	59.9	0.707094078185037	-0.838867774931714
600	60	0.707094078185037	-1.05787903745659
601	60.1	0.709670681273565	-1.0681854498107
602	60.2	0.708382379729301	-1.0540141328238
603	60.3	0.705805776640773	-1.05530243436806
604	60.4	0.707094078185037	-1.03984281583689
605	60.5	0.708382379729301	-1.03211300657131
606	60.6	0.707094078185037	-1.03468960965984
607	60.7	0.708382379729301	-1.02824810193852
608	60.8	0.707094078185037	-1.02695980039425
609	60.9	0.707094078185037	-1.01922999112867
610	61	0.707094078185037	-1.02567149884999
611	61.1	0.707094078185037	-1.02051829267293
612	61.2	0.708382379729301	-0.94837340619415
613	61.3	0.707094078185037	-0.847885885741562
614	61.4	0.708382379729301	-0.975427738623694
615	61.5	0.707094078185037	-0.999905467964709
616	61.6	0.707094078185037	-0.998617166420445
617	61.7	0.708382379729301	-1.04370772046968
618	61.8	0.707094078185037	-1.04499602201395
619	61.9	0.707094078185037	-1.03468960965984
620	62	0.709670681273565	-1.03468960965984
621	62.1	0.707094078185037	-1.03211300657131
622	62.2	0.707094078185037	-1.0218065942172
623	62.3	0.710958982817829	-0.999905467964709
624	62.4	0.710958982817829	-0.929048883030191
625	62.5	0.713535585906357	-0.887823233613744
626	62.6	0.718688792083412	-0.95481491391547
627	62.7	0.72126539517194	-0.989599055610597
628	62.8	0.726418601348996	-0.981869246345013
629	62.9	0.728995204437524	-0.903282852144912
630	63	0.735436712158844	-0.846597584197298
631	63.1	0.741878219880164	-0.916165867587551
632	63.2	0.745743124512956	-0.934202089207247
633	63.3	0.752184632234275	-0.896841344423592
634	63.4	0.754761235322803	-0.787335713161156
635	63.5	0.761202743044123	-0.71390252513811
636	63.6	0.765067647676915	-0.599243687698618
637	63.7	0.770220853853971	-0.393115440616384
638	63.8	0.774085758486763	-0.386673932895064
639	63.9	0.777950663119555	-0.366061108186841
640	64	0.78310386929661	-0.3853856313508
641	64.1	0.786968773929402	-0.421458074590191
642	64.2	0.793410281650722	-0.442070899298415
643	64.3	0.797275186283514	-0.449800708563998
644	64.4	0.803716694004834	-0.439494296209887
645	64.5	0.806293297093362	-0.538693515118212
646	64.6	0.811446503270417	-0.748686666833237
647	64.7	0.816599709447473	-0.999905467964709
648	64.8	0.821752915624529	-0.962544723181054
649	64.9	0.828194423345849	-0.911012661410496
650	65	0.829482724890113	-0.976716040167958
651	65.1	0.834635931067169	-1.01536508649588
652	65.2	0.837212534155697	-1.01150018186308
653	65.3	0.842365740332752	-0.934202089207247
654	65.4	0.846230644965544	-0.854327393462881
655	65.5	0.850095549598336	-0.914877566043288
656	65.6	0.856537057319656	-0.970274532446638
657	65.7	0.85782535886392	-0.970274532446638
658	65.8	0.862978565040976	-0.913589264499024
659	65.9	0.866843469673768	-0.846597584197298
660	66	0.873284977395087	-0.873651916626841
661	66.1	0.875861580483615	-0.953526612371206
662	66.2	0.882303088204935	-0.941931898472831
663	66.3	0.886167992837727	-0.889111535158008
664	66.4	0.890032897470519	-0.836291171843186
665	66.5	0.892609500559047	-0.822119854856282
666	66.6	0.897762706736103	-0.874940218171105
667	66.7	0.900339309824631	-0.90585945523344
668	66.8	0.90678081754595	-0.878805122803897
669	66.9	0.909357420634478	-0.863345504272729
670	67	0.911934023723006	-0.868498710449785
671	67.1	0.914510626811534	-0.810525140957907
672	67.2	0.920952134532854	-0.869787011994049
673	67.3	0.92610534070991	-0.858192298095673
674	67.4	0.928681943798438	-0.798930427059531
675	67.5	0.935123451519758	-0.71390252513811
676	67.6	0.937700054608285	-0.752551571466029
677	67.7	0.946718165418133	-0.818254950223491
678	67.8	0.949294768506661	-0.82469645794481
679	67.9	0.954447974683717	-0.793777220882475
680	68	0.955736276227981	-0.738380254479125
681	68.1	0.960889482405037	-0.712614223593846
682	68.2	0.966042688582093	-0.635316130938008
683	68.3	0.967330990126356	-0.573477656813338
684	68.4	0.973772497847676	-0.362196203554049
685	68.5	0.976349100936204	-0.331276966491714
686	68.6	0.98150230711326	-0.318393951049075
687	68.7	0.984078910201788	-0.326123760314658
688	68.8	0.989232116378844	-0.346736585022882
689	68.9	0.993097021011636	-0.386673932895064
690	69	0.996961925644428	-0.39826864679344
691	69.1	1.00082683027722	-0.416304868413135
692	69.2	1.00598003645428	-0.458818819373846
693	69.3	1.0085566395428	-0.551576530560851
694	69.4	1.0124215441756	-0.71390252513811
695	69.5	1.01628644880839	-0.798930427059531
696	69.6	1.01757475035265	-0.835002870298922
697	69.7	1.02015135344118	-0.874940218171105
698	69.8	1.02272795652971	-0.883958328980953
699	69.9	1.02401625807397	-0.883958328980953
700	70	1.02788116270676	-0.869787011994049
701	70.1	1.03174606733955	-0.806660236325115
702	70.2	1.03303436888382	-0.768011189997196
703	70.3	1.03818757506087	-0.800218728603795
704	70.4	1.0407641781494	-0.860768901184201
705	70.5	1.04720568587072	-0.859480599639937
706	70.6	1.04978228895925	-0.84402098110877
707	70.7	1.05493549513631	-0.807948537869379
708	70.8	1.05751209822483	-0.805371934780851
709	70.9	1.0588003997691	-0.76929949154146
710	71	1.06266530440189	-0.76285798382014
711	71.1	1.06266530440189	-0.805371934780851
712	71.2	1.06781851057895	-0.833714568754658
713	71.3	1.072971716756	-0.82469645794481
714	71.4	1.07426001830027	-0.795065522426739
715	71.5	1.07941322447732	-0.737091952934861
716	71.6	1.08327812911011	-0.72678554058075
717	71.7	1.08585473219864	-0.740956857567653
718	71.8	1.0910079383757	-0.7821825069841
719	71.9	1.09358454146422	-0.774452697718516
720	72	1.09873774764128	-0.739668556023389
721	72.1	1.10389095381834	-0.692001398885623
722	72.2	1.10775585845113	-0.681694986531511
723	72.3	1.11162076308392	-0.703596112783998
724	72.4	1.11548566771671	-0.735803651390597
725	72.5	1.11806227080524	-0.730650445213541
726	72.6	1.1232154769823	-0.703596112783998
727	72.7	1.12450377852656	-0.6391810355708
728	72.8	1.12836868315935	-0.595378783065826
729	72.9	1.13094528624788	-0.579919164534658
730	73	1.13481019088067	-0.533540308941156
731	73.1	1.14125169860199	-0.403421852970496
732	73.2	1.14511660323478	-0.310664141783491
733	73.3	1.14769320632331	-0.295204523252323
734	73.4	1.15284641250037	-0.296492824796587
735	73.5	1.15671131713316	-0.314529046416283
736	73.6	1.16057622176595	-0.34287168039009
737	73.7	1.16572942794301	-0.355754695832729
738	73.8	1.1695943325758	-0.368637711275369
739	73.9	1.17217093566433	-0.369926012819633
740	74	1.17732414184138	-0.418881471501663
741	74.1	1.18118904647417	-0.595378783065826
742	74.2	1.18763055419549	-0.742245159111917
743	74.3	1.19536036346108	-0.738380254479125
744	74.4	1.19536036346108	-0.715190826682374
745	74.5	1.20051356963813	-0.692001398885623
746	74.6	1.2018018711824	-0.712614223593846
747	74.7	1.20566677581519	-0.70746101741679
748	74.8	1.2018018711824	-0.716479128226638
749	74.9	1.20437847427092	-0.681694986531511
750	75	1.20437847427092	-0.635316130938008
751	75.1	1.20824337890372	-0.625009718583897
752	75.2	1.21210828353651	-0.649487447924912
753	75.3	1.21339658508077	-0.685559891164303
754	75.4	1.21854979125783	-0.692001398885623
755	75.5	1.21854979125783	-0.693289700429887
756	75.6	1.22241469589062	-0.689424795797095
757	75.7	1.22627960052341	-0.657217257190496
758	75.8	1.22885620361194	-0.595378783065826
759	75.9	1.234009409789	-0.578630862990394
760	76	1.23787431442179	-0.649487447924912
761	76.1	1.24302752059884	-0.661082161823288
762	76.2	1.24689242523164	-0.648199146380648
763	76.3	1.25204563140869	-0.621144813951105
764	76.4	1.25719883758575	-0.558018038282171
765	76.5	1.25977544067428	-0.565747847547755
766	76.6	1.26492864685133	-0.599243687698618
767	76.7	1.26621694839559	-0.617279909318313
768	76.8	1.27394675766118	-0.619856512406841
769	76.9	1.27394675766118	-0.601820290787145
770	77	1.27909996383823	-0.568324450636283
771	77.1	1.28167656692676	-0.53482861048542
772	77.2	1.28554147155955	-0.551576530560851
773	77.3	1.28554147155955	-0.550288229016587
774	77.4	1.28425317001529	-0.536116912029684
775	77.5	1.28554147155955	-0.520657293498516
776	77.6	1.28554147155955	-0.497467865701765
777	77.7	1.28811807464808	-0.449800708563998
778	77.8	1.28682977310382	-0.345448283478618
779	77.9	1.28682977310382	-0.246249064570293
780	78	1.28682977310382	-0.251402270747349
781	78.1	1.28811807464808	-0.259132080012932
782	78.2	1.28940637619235	-0.262996984645724
783	78.3	1.28811807464808	-0.270726793911308
784	78.4	1.28940637619235	-0.301646030973643
785	78.5	1.28682977310382	-0.32354715722613
786	78.6	1.28682977310382	-0.34931318811141
787	78.7	1.28554147155955	-0.39182713907212
788	78.8	1.2803882653825	-0.465260327095166
789	78.9	1.27523505920544	-0.568324450636283
790	79	1.27394675766118	-0.587648973800242
791	79.1	1.27265845611691	-0.612126703141257
792	79.2	1.27394675766118	-0.671388574177399
793	79.3	1.27523505920544	-0.690713097341359
794	79.4	1.27394675766118	-0.694578001974151
795	79.5	1.27394675766118	-0.688136494252831
796	79.6	1.27523505920544	-0.686848192708567
797	79.7	1.27652336074971	-0.686848192708567
798	79.8	1.27523505920544	-0.682983288075775
799	79.9	1.27652336074971	-0.685559891164303
800	80	1.27652336074971	-0.685559891164303
801	80.1	1.27652336074971	-0.681694986531511
802	80.2	1.27265845611691	-0.682983288075775
803	80.3	1.27652336074971	-0.675253478810191
804	80.4	1.27523505920544	-0.679118383442983
805	80.5	1.27909996383823	-0.677830081898719
806	80.6	1.27781166229397	-0.679118383442983
807	80.7	1.27781166229397	-0.671388574177399
808	80.8	1.27781166229397	-0.673965177265927
809	80.9	1.2803882653825	-0.671388574177399
810	81	1.27781166229397	-0.667523669544607
811	81.1	1.27909996383823	-0.666235368000343
812	81.2	1.27909996383823	-0.662370463367552
813	81.3	1.27652336074971	-0.655928955646232
814	81.4	1.27781166229397	-0.654640654101968
815	81.5	1.27652336074971	-0.650775749469176
