Number of measurement points: 2068
Sample Rate (Hz): 10
Low limit Ch0 (V): -10
Upper limit Ch0 (V): 10
Low limit Ch1 (V): -10
Upper limit Ch1 (V): 10

Index	Time[s]	Ch0[V]	Ch1[V]
0	0	-0.0658868483733386	-0.573477656813338
1	0.1	-0.0233728974126279	-0.573477656813338
2	0.2	-0.0233728974126279	-0.574765958357602
3	0.3	-0.0233728974126279	-0.574765958357602
4	0.4	-0.0246611989568919	-0.573477656813338
5	0.5	-0.0246611989568919	-0.573477656813338
6	0.6	-0.0233728974126279	-0.573477656813338
7	0.7	-0.022084595868364	-0.574765958357602
8	0.8	-0.0246611989568919	-0.573477656813338
9	0.9	-0.0246611989568919	-0.573477656813338
10	1	-0.022084595868364	-0.574765958357602
11	1.1	-0.0233728974126279	-0.574765958357602
12	1.2	-0.0233728974126279	-0.573477656813338
13	1.3	-0.0233728974126279	-0.574765958357602
14	1.4	-0.022084595868364	-0.574765958357602
15	1.5	-0.022084595868364	-0.574765958357602
16	1.6	-0.0233728974126279	-0.574765958357602
17	1.7	-0.0233728974126279	-0.573477656813338
18	1.8	-0.0246611989568919	-0.574765958357602
19	1.9	-0.0233728974126279	-0.572189355269074
20	2	-0.0233728974126279	-0.572189355269074
21	2.1	-0.0233728974126279	-0.572189355269074
22	2.2	-0.0233728974126279	-0.57090105372481
23	2.3	-0.022084595868364	-0.57090105372481
24	2.4	-0.0233728974126279	-0.569612752180547
25	2.5	-0.022084595868364	-0.569612752180547
26	2.6	-0.022084595868364	-0.568324450636283
27	2.7	-0.022084595868364	-0.568324450636283
28	2.8	-0.022084595868364	-0.568324450636283
29	2.9	-0.022084595868364	-0.567036149092019
30	3	-0.0207962943241	-0.567036149092019
31	3.1	-0.0233728974126279	-0.567036149092019
32	3.2	-0.0233728974126279	-0.567036149092019
33	3.3	-0.022084595868364	-0.565747847547755
34	3.4	-0.022084595868364	-0.564459546003491
35	3.5	-0.022084595868364	-0.564459546003491
36	3.6	-0.022084595868364	-0.564459546003491
37	3.7	-0.0207962943241	-0.563171244459227
38	3.8	-0.0233728974126279	-0.561882942914963
39	3.9	-0.0233728974126279	-0.561882942914963
40	4	-0.022084595868364	-0.560594641370699
41	4.1	-0.022084595868364	-0.559306339826435
42	4.2	-0.022084595868364	-0.558018038282171
43	4.3	-0.022084595868364	-0.559306339826435
44	4.4	-0.0207962943241	-0.558018038282171
45	4.5	-0.022084595868364	-0.556729736737907
46	4.6	-0.022084595868364	-0.555441435193643
47	4.7	-0.022084595868364	-0.555441435193643
48	4.8	-0.0207962943241	-0.554153133649379
49	4.9	-0.0207962943241	-0.552864832105115
50	5	-0.0207962943241	-0.551576530560851
51	5.1	-0.022084595868364	-0.550288229016587
52	5.2	-0.0233728974126279	-0.547711625928059
53	5.3	-0.0207962943241	-0.547711625928059
54	5.4	-0.0207962943241	-0.547711625928059
55	5.5	-0.022084595868364	-0.546423324383795
56	5.6	-0.022084595868364	-0.545135022839531
57	5.7	-0.0233728974126279	-0.543846721295267
58	5.8	-0.0207962943241	-0.542558419751003
59	5.9	-0.022084595868364	-0.541270118206739
60	6	-0.022084595868364	-0.541270118206739
61	6.1	-0.022084595868364	-0.539981816662475
62	6.2	-0.0207962943241	-0.539981816662475
63	6.3	-0.0207962943241	-0.538693515118212
64	6.4	-0.022084595868364	-0.538693515118212
65	6.5	-0.022084595868364	-0.537405213573948
66	6.6	-0.022084595868364	-0.536116912029684
67	6.7	-0.022084595868364	-0.536116912029684
68	6.8	-0.0207962943241	-0.536116912029684
69	6.9	-0.022084595868364	-0.53482861048542
70	7	-0.022084595868364	-0.533540308941156
71	7.1	-0.022084595868364	-0.532252007396892
72	7.2	-0.022084595868364	-0.530963705852628
73	7.3	-0.022084595868364	-0.529675404308364
74	7.4	-0.0207962943241	-0.5283871027641
75	7.5	-0.0207962943241	-0.5283871027641
76	7.6	-0.022084595868364	-0.527098801219836
77	7.7	-0.0195079927798361	-0.527098801219836
78	7.8	-0.0207962943241	-0.525810499675572
79	7.9	-0.022084595868364	-0.524522198131308
80	8	-0.0207962943241	-0.523233896587044
81	8.1	-0.022084595868364	-0.52194559504278
82	8.2	-0.0207962943241	-0.52194559504278
83	8.3	-0.022084595868364	-0.520657293498516
84	8.4	-0.022084595868364	-0.519368991954252
85	8.5	-0.022084595868364	-0.518080690409988
86	8.6	-0.0207962943241	-0.516792388865724
87	8.7	-0.0207962943241	-0.51550408732146
88	8.8	-0.0207962943241	-0.51550408732146
89	8.9	-0.022084595868364	-0.514215785777196
90	9	-0.022084595868364	-0.512927484232932
91	9.1	-0.022084595868364	-0.511639182688668
92	9.2	-0.022084595868364	-0.510350881144404
93	9.3	-0.0207962943241	-0.50906257960014
94	9.4	-0.022084595868364	-0.507774278055876
95	9.5	-0.022084595868364	-0.507774278055876
96	9.6	-0.0207962943241	-0.506485976511613
97	9.7	-0.0207962943241	-0.505197674967349
98	9.8	-0.0207962943241	-0.503909373423085
99	9.9	-0.022084595868364	-0.503909373423085
100	10	-0.022084595868364	-0.502621071878821
101	10.1	-0.0207962943241	-0.501332770334557
102	10.2	-0.022084595868364	-0.501332770334557
103	10.3	-0.022084595868364	-0.501332770334557
104	10.4	-0.022084595868364	-0.500044468790293
105	10.5	-0.022084595868364	-0.498756167246029
106	10.6	-0.0233728974126279	-0.497467865701765
107	10.7	-0.0207962943241	-0.497467865701765
108	10.8	-0.0207962943241	-0.496179564157501
109	10.9	-0.022084595868364	-0.494891262613237
110	11	-0.022084595868364	-0.493602961068973
111	11.1	-0.0233728974126279	-0.492314659524709
112	11.2	-0.022084595868364	-0.491026357980445
113	11.3	-0.022084595868364	-0.489738056436181
114	11.4	-0.022084595868364	-0.488449754891917
115	11.5	-0.0233728974126279	-0.487161453347653
116	11.6	-0.022084595868364	-0.485873151803389
117	11.7	-0.0233728974126279	-0.484584850259125
118	11.8	-0.022084595868364	-0.483296548714861
119	11.9	-0.022084595868364	-0.483296548714861
120	12	-0.022084595868364	-0.482008247170597
121	12.1	-0.022084595868364	-0.482008247170597
122	12.2	-0.022084595868364	-0.480719945626333
123	12.3	-0.0207962943241	-0.479431644082069
124	12.4	-0.022084595868364	-0.479431644082069
125	12.5	-0.0207962943241	-0.478143342537805
126	12.6	-0.0233728974126279	-0.476855040993541
127	12.7	-0.022084595868364	-0.475566739449278
128	12.8	-0.0207962943241	-0.475566739449278
129	12.9	-0.0207962943241	-0.47299013636075
130	13	-0.022084595868364	-0.47299013636075
131	13.1	-0.022084595868364	-0.47299013636075
132	13.2	-0.0207962943241	-0.470413533272222
133	13.3	-0.0207962943241	-0.469125231727958
134	13.4	-0.022084595868364	-0.467836930183694
135	13.5	-0.022084595868364	-0.467836930183694
136	13.6	-0.022084595868364	-0.46654862863943
137	13.7	-0.0233728974126279	-0.46654862863943
138	13.8	-0.0207962943241	-0.465260327095166
139	13.9	-0.022084595868364	-0.463972025550902
140	14	-0.022084595868364	-0.463972025550902
141	14.1	-0.022084595868364	-0.462683724006638
142	14.2	-0.022084595868364	-0.462683724006638
143	14.3	-0.0233728974126279	-0.461395422462374
144	14.4	-0.0233728974126279	-0.46010712091811
145	14.5	-0.0233728974126279	-0.46010712091811
146	14.6	-0.0207962943241	-0.458818819373846
147	14.7	-0.022084595868364	-0.457530517829582
148	14.8	-0.0233728974126279	-0.457530517829582
149	14.9	-0.022084595868364	-0.456242216285318
150	15	-0.022084595868364	-0.454953914741054
151	15.1	-0.0233728974126279	-0.45366561319679
152	15.2	-0.0233728974126279	-0.45366561319679
153	15.3	-0.022084595868364	-0.45366561319679
154	15.4	-0.022084595868364	-0.452377311652526
155	15.5	-0.022084595868364	-0.452377311652526
156	15.6	-0.0233728974126279	-0.451089010108262
157	15.7	-0.0207962943241	-0.448512407019734
158	15.8	-0.022084595868364	-0.44722410547547
159	15.9	-0.0233728974126279	-0.44722410547547
160	16	-0.0233728974126279	-0.44722410547547
161	16.1	-0.0233728974126279	-0.445935803931206
162	16.2	-0.022084595868364	-0.444647502386943
163	16.3	-0.022084595868364	-0.443359200842679
164	16.4	-0.022084595868364	-0.443359200842679
165	16.5	-0.0233728974126279	-0.442070899298415
166	16.6	-0.0233728974126279	-0.440782597754151
167	16.7	-0.0233728974126279	-0.439494296209887
168	16.8	-0.0233728974126279	-0.438205994665623
169	16.9	-0.022084595868364	-0.438205994665623
170	17	-0.022084595868364	-0.436917693121359
171	17.1	-0.022084595868364	-0.435629391577095
172	17.2	-0.0233728974126279	-0.434341090032831
173	17.3	-0.022084595868364	-0.433052788488567
174	17.4	-0.022084595868364	-0.431764486944303
175	17.5	-0.022084595868364	-0.430476185400039
176	17.6	-0.0233728974126279	-0.429187883855775
177	17.7	-0.022084595868364	-0.427899582311511
178	17.8	-0.022084595868364	-0.426611280767247
179	17.9	-0.022084595868364	-0.425322979222983
180	18	-0.022084595868364	-0.424034677678719
181	18.1	-0.022084595868364	-0.422746376134455
182	18.2	-0.0246611989568919	-0.421458074590191
183	18.3	-0.0233728974126279	-0.420169773045927
184	18.4	-0.0233728974126279	-0.418881471501663
185	18.5	-0.0233728974126279	-0.417593169957399
186	18.6	-0.022084595868364	-0.417593169957399
187	18.7	-0.022084595868364	-0.416304868413135
188	18.8	-0.0233728974126279	-0.415016566868871
189	18.9	-0.022084595868364	-0.415016566868871
190	19	-0.022084595868364	-0.415016566868871
191	19.1	-0.0233728974126279	-0.413728265324607
192	19.2	-0.0233728974126279	-0.413728265324607
193	19.3	-0.0233728974126279	-0.413728265324607
194	19.4	-0.0233728974126279	-0.412439963780344
195	19.5	-0.022084595868364	-0.41115166223608
196	19.6	-0.0233728974126279	-0.41115166223608
197	19.7	-0.0233728974126279	-0.409863360691816
198	19.8	-0.0233728974126279	-0.408575059147552
199	19.9	-0.022084595868364	-0.408575059147552
200	20	-0.0233728974126279	-0.408575059147552
201	20.1	-0.0233728974126279	-0.407286757603288
202	20.2	-0.0233728974126279	-0.407286757603288
203	20.3	-0.0233728974126279	-0.405998456059024
204	20.4	-0.022084595868364	-0.405998456059024
205	20.5	-0.0233728974126279	-0.40471015451476
206	20.6	-0.0233728974126279	-0.403421852970496
207	20.7	-0.0246611989568919	-0.400845249881968
208	20.8	-0.0246611989568919	-0.399556948337704
209	20.9	-0.0259495005011559	-0.399556948337704
210	21	-0.0259495005011559	-0.396980345249176
211	21.1	-0.0246611989568919	-0.396980345249176
212	21.2	-0.0246611989568919	-0.395692043704912
213	21.3	-0.0246611989568919	-0.394403742160648
214	21.4	-0.0233728974126279	-0.393115440616384
215	21.5	-0.0246611989568919	-0.39182713907212
216	21.6	-0.0246611989568919	-0.390538837527856
217	21.7	-0.0246611989568919	-0.389250535983592
218	21.8	-0.0233728974126279	-0.387962234439328
219	21.9	-0.0233728974126279	-0.386673932895064
220	22	-0.0233728974126279	-0.3853856313508
221	22.1	-0.0233728974126279	-0.384097329806536
222	22.2	-0.022084595868364	-0.384097329806536
223	22.3	-0.022084595868364	-0.381520726718009
224	22.4	-0.0233728974126279	-0.381520726718009
225	22.5	-0.0233728974126279	-0.380232425173745
226	22.6	-0.0259495005011559	-0.380232425173745
227	22.7	-0.0246611989568919	-0.378944123629481
228	22.8	-0.0259495005011559	-0.378944123629481
229	22.9	-0.0246611989568919	-0.377655822085217
230	23	-0.0246611989568919	-0.377655822085217
231	23.1	-0.0259495005011559	-0.376367520540953
232	23.2	-0.0233728974126279	-0.376367520540953
233	23.3	-0.0246611989568919	-0.375079218996689
234	23.4	-0.0246611989568919	-0.373790917452425
235	23.5	-0.0246611989568919	-0.372502615908161
236	23.6	-0.0246611989568919	-0.372502615908161
237	23.7	-0.022084595868364	-0.369926012819633
238	23.8	-0.0233728974126279	-0.368637711275369
239	23.9	-0.0233728974126279	-0.367349409731105
240	24	-0.0233728974126279	-0.367349409731105
241	24.1	-0.0233728974126279	-0.366061108186841
242	24.2	-0.0233728974126279	-0.364772806642577
243	24.3	-0.022084595868364	-0.364772806642577
244	24.4	-0.022084595868364	-0.363484505098313
245	24.5	-0.0233728974126279	-0.362196203554049
246	24.6	-0.0233728974126279	-0.360907902009785
247	24.7	-0.0246611989568919	-0.360907902009785
248	24.8	-0.0233728974126279	-0.359619600465521
249	24.9	-0.0246611989568919	-0.359619600465521
250	25	-0.0246611989568919	-0.358331298921257
251	25.1	-0.0246611989568919	-0.357042997376993
252	25.2	-0.0246611989568919	-0.357042997376993
253	25.3	-0.022084595868364	-0.355754695832729
254	25.4	-0.0233728974126279	-0.355754695832729
255	25.5	-0.0233728974126279	-0.354466394288465
256	25.6	-0.0233728974126279	-0.353178092744201
257	25.7	-0.0246611989568919	-0.351889791199937
258	25.8	-0.0246611989568919	-0.351889791199937
259	25.9	-0.0233728974126279	-0.350601489655674
260	26	-0.0233728974126279	-0.350601489655674
261	26.1	-0.0233728974126279	-0.34931318811141
262	26.2	-0.0233728974126279	-0.348024886567146
263	26.3	-0.0233728974126279	-0.346736585022882
264	26.4	-0.0233728974126279	-0.345448283478618
265	26.5	-0.0233728974126279	-0.344159981934354
266	26.6	-0.0233728974126279	-0.34287168039009
267	26.7	-0.0233728974126279	-0.34287168039009
268	26.8	-0.0246611989568919	-0.341583378845826
269	26.9	-0.0233728974126279	-0.341583378845826
270	27	-0.0233728974126279	-0.340295077301562
271	27.1	-0.0233728974126279	-0.339006775757298
272	27.2	-0.0233728974126279	-0.339006775757298
273	27.3	-0.0246611989568919	-0.33643017266877
274	27.4	-0.0246611989568919	-0.33643017266877
275	27.5	-0.0233728974126279	-0.33643017266877
276	27.6	-0.0233728974126279	-0.335141871124506
277	27.7	-0.0246611989568919	-0.335141871124506
278	27.8	-0.0233728974126279	-0.333853569580242
279	27.9	-0.0233728974126279	-0.332565268035978
280	28	-0.0233728974126279	-0.332565268035978
281	28.1	-0.0246611989568919	-0.332565268035978
282	28.2	-0.0246611989568919	-0.331276966491714
283	28.3	-0.022084595868364	-0.331276966491714
284	28.4	-0.0233728974126279	-0.32998866494745
285	28.5	-0.0233728974126279	-0.32998866494745
286	28.6	-0.0246611989568919	-0.328700363403186
287	28.7	-0.0233728974126279	-0.328700363403186
288	28.8	-0.022084595868364	-0.328700363403186
289	28.9	-0.0233728974126279	-0.326123760314658
290	29	-0.0246611989568919	-0.324835458770394
291	29.1	-0.0259495005011559	-0.324835458770394
292	29.2	-0.0272378020454198	-0.324835458770394
293	29.3	-0.0272378020454198	-0.324835458770394
294	29.4	-0.0285261035896838	-0.32354715722613
295	29.5	-0.0285261035896838	-0.322258855681866
296	29.6	-0.0285261035896838	-0.320970554137602
297	29.7	-0.0285261035896838	-0.320970554137602
298	29.8	-0.0285261035896838	-0.320970554137602
299	29.9	-0.0272378020454198	-0.320970554137602
300	30	-0.0272378020454198	-0.319682252593338
301	30.1	-0.0272378020454198	-0.319682252593338
302	30.2	-0.0272378020454198	-0.318393951049075
303	30.3	-0.0259495005011559	-0.318393951049075
304	30.4	-0.0259495005011559	-0.317105649504811
305	30.5	-0.0259495005011559	-0.318393951049075
306	30.6	-0.0259495005011559	-0.315817347960547
307	30.7	-0.0259495005011559	-0.315817347960547
308	30.8	-0.0246611989568919	-0.315817347960547
309	30.9	-0.0259495005011559	-0.314529046416283
310	31	-0.0246611989568919	-0.313240744872019
311	31.1	-0.0233728974126279	-0.313240744872019
312	31.2	-0.0246611989568919	-0.313240744872019
313	31.3	-0.0259495005011559	-0.311952443327755
314	31.4	-0.0233728974126279	-0.310664141783491
315	31.5	-0.0233728974126279	-0.310664141783491
316	31.6	-0.0246611989568919	-0.309375840239227
317	31.7	-0.0246611989568919	-0.309375840239227
318	31.8	-0.0233728974126279	-0.309375840239227
319	31.9	-0.0233728974126279	-0.308087538694963
320	32	-0.0246611989568919	-0.308087538694963
321	32.1	-0.0272378020454198	-0.306799237150699
322	32.2	-0.0298144051339477	-0.305510935606435
323	32.3	-0.0285261035896838	-0.304222634062171
324	32.4	-0.0311027066782117	-0.304222634062171
325	32.5	-0.0298144051339477	-0.304222634062171
326	32.6	-0.0323910082224756	-0.302934332517907
327	32.7	-0.0311027066782117	-0.301646030973643
328	32.8	-0.0311027066782117	-0.301646030973643
329	32.9	-0.0298144051339477	-0.301646030973643
330	33	-0.0285261035896838	-0.300357729429379
331	33.1	-0.0272378020454198	-0.300357729429379
332	33.2	-0.0272378020454198	-0.299069427885115
333	33.3	-0.0272378020454198	-0.299069427885115
334	33.4	-0.0272378020454198	-0.299069427885115
335	33.5	-0.0272378020454198	-0.297781126340851
336	33.6	-0.0285261035896838	-0.296492824796587
337	33.7	-0.0272378020454198	-0.296492824796587
338	33.8	-0.0259495005011559	-0.295204523252323
339	33.9	-0.0272378020454198	-0.295204523252323
340	34	-0.0259495005011559	-0.295204523252323
341	34.1	-0.0246611989568919	-0.293916221708059
342	34.2	-0.0233728974126279	-0.293916221708059
343	34.3	-0.0233728974126279	-0.292627920163795
344	34.4	-0.0246611989568919	-0.291339618619531
345	34.5	-0.0259495005011559	-0.290051317075267
346	34.6	-0.0246611989568919	-0.290051317075267
347	34.7	-0.0246611989568919	-0.288763015531003
348	34.8	-0.0259495005011559	-0.28747471398674
349	34.9	-0.0259495005011559	-0.28747471398674
350	35	-0.0259495005011559	-0.286186412442476
351	35.1	-0.0272378020454198	-0.286186412442476
352	35.2	-0.0272378020454198	-0.284898110898212
353	35.3	-0.0272378020454198	-0.284898110898212
354	35.4	-0.0285261035896838	-0.283609809353948
355	35.5	-0.0272378020454198	-0.282321507809684
356	35.6	-0.0272378020454198	-0.28103320626542
357	35.7	-0.0259495005011559	-0.279744904721156
358	35.8	-0.0259495005011559	-0.279744904721156
359	35.9	-0.0272378020454198	-0.279744904721156
360	36	-0.0246611989568919	-0.278456603176892
361	36.1	-0.0259495005011559	-0.277168301632628
362	36.2	-0.0272378020454198	-0.275880000088364
363	36.3	-0.0272378020454198	-0.275880000088364
364	36.4	-0.0272378020454198	-0.275880000088364
365	36.5	-0.0246611989568919	-0.2745916985441
366	36.6	-0.0259495005011559	-0.273303396999836
367	36.7	-0.0246611989568919	-0.272015095455572
368	36.8	-0.0259495005011559	-0.270726793911308
369	36.9	-0.0259495005011559	-0.270726793911308
370	37	-0.0259495005011559	-0.269438492367044
371	37.1	-0.0246611989568919	-0.269438492367044
372	37.2	-0.0272378020454198	-0.26815019082278
373	37.3	-0.0272378020454198	-0.266861889278516
374	37.4	-0.0259495005011559	-0.266861889278516
375	37.5	-0.0272378020454198	-0.265573587734252
376	37.6	-0.0285261035896838	-0.265573587734252
377	37.7	-0.0298144051339477	-0.264285286189988
378	37.8	-0.0298144051339477	-0.264285286189988
379	37.9	-0.0311027066782117	-0.264285286189988
380	38	-0.0311027066782117	-0.262996984645724
381	38.1	-0.0285261035896838	-0.262996984645724
382	38.2	-0.0272378020454198	-0.262996984645724
383	38.3	-0.0285261035896838	-0.262996984645724
384	38.4	-0.0285261035896838	-0.262996984645724
385	38.5	-0.0285261035896838	-0.26170868310146
386	38.6	-0.0272378020454198	-0.26170868310146
387	38.7	-0.0285261035896838	-0.26170868310146
388	38.8	-0.0285261035896838	-0.26170868310146
389	38.9	-0.0272378020454198	-0.260420381557196
390	39	-0.0272378020454198	-0.260420381557196
391	39.1	-0.0272378020454198	-0.259132080012932
392	39.2	-0.0285261035896838	-0.259132080012932
393	39.3	-0.0298144051339477	-0.259132080012932
394	39.4	-0.0311027066782117	-0.257843778468668
395	39.5	-0.0311027066782117	-0.256555476924405
396	39.6	-0.0311027066782117	-0.257843778468668
397	39.7	-0.0311027066782117	-0.256555476924405
398	39.8	-0.0311027066782117	-0.256555476924405
399	39.9	-0.0298144051339477	-0.256555476924405
400	40	-0.0298144051339477	-0.256555476924405
401	40.1	-0.0285261035896838	-0.255267175380141
402	40.2	-0.0285261035896838	-0.255267175380141
403	40.3	-0.0272378020454198	-0.255267175380141
404	40.4	-0.0272378020454198	-0.255267175380141
405	40.5	-0.0272378020454198	-0.255267175380141
406	40.6	-0.0259495005011559	-0.253978873835877
407	40.7	-0.0259495005011559	-0.253978873835877
408	40.8	-0.0259495005011559	-0.253978873835877
409	40.9	-0.0272378020454198	-0.253978873835877
410	41	-0.0285261035896838	-0.253978873835877
411	41.1	-0.0285261035896838	-0.253978873835877
412	41.2	-0.0272378020454198	-0.252690572291613
413	41.3	-0.0272378020454198	-0.252690572291613
414	41.4	-0.0272378020454198	-0.251402270747349
415	41.5	-0.0272378020454198	-0.251402270747349
416	41.6	-0.0259495005011559	-0.251402270747349
417	41.7	-0.0259495005011559	-0.250113969203085
418	41.8	-0.0259495005011559	-0.250113969203085
419	41.9	-0.0259495005011559	-0.250113969203085
420	42	-0.0259495005011559	-0.250113969203085
421	42.1	-0.0259495005011559	-0.250113969203085
422	42.2	-0.0259495005011559	-0.248825667658821
423	42.3	-0.0259495005011559	-0.248825667658821
424	42.4	-0.0259495005011559	-0.248825667658821
425	42.5	-0.0272378020454198	-0.247537366114557
426	42.6	-0.0272378020454198	-0.247537366114557
427	42.7	-0.0272378020454198	-0.246249064570293
428	42.8	-0.0272378020454198	-0.247537366114557
429	42.9	-0.0272378020454198	-0.246249064570293
430	43	-0.0272378020454198	-0.246249064570293
431	43.1	-0.0311027066782117	-0.244960763026029
432	43.2	-0.0311027066782117	-0.244960763026029
433	43.3	-0.0323910082224756	-0.244960763026029
434	43.4	-0.0298144051339477	-0.244960763026029
435	43.5	-0.0311027066782117	-0.244960763026029
436	43.6	-0.0323910082224756	-0.243672461481765
437	43.7	-0.0323910082224756	-0.243672461481765
438	43.8	-0.0336793097667396	-0.243672461481765
439	43.9	-0.0323910082224756	-0.243672461481765
440	44	-0.0336793097667396	-0.242384159937501
441	44.1	-0.0362559128552675	-0.243672461481765
442	44.2	-0.0388325159437954	-0.242384159937501
443	44.3	-0.0401208174880594	-0.242384159937501
444	44.4	-0.0426974205765873	-0.242384159937501
445	44.5	-0.0426974205765873	-0.242384159937501
446	44.6	-0.0439857221208513	-0.241095858393237
447	44.7	-0.0426974205765873	-0.242384159937501
448	44.8	-0.0426974205765873	-0.242384159937501
449	44.9	-0.0414091190323234	-0.241095858393237
450	45	-0.0414091190323234	-0.242384159937501
451	45.1	-0.0401208174880594	-0.241095858393237
452	45.2	-0.0401208174880594	-0.242384159937501
453	45.3	-0.0375442143995315	-0.239807556848973
454	45.4	-0.0388325159437954	-0.239807556848973
455	45.5	-0.0388325159437954	-0.239807556848973
456	45.6	-0.0375442143995315	-0.241095858393237
457	45.7	-0.0375442143995315	-0.239807556848973
458	45.8	-0.0362559128552675	-0.239807556848973
459	45.9	-0.0362559128552675	-0.239807556848973
460	46	-0.0362559128552675	-0.238519255304709
461	46.1	-0.0349676113110036	-0.238519255304709
462	46.2	-0.0362559128552675	-0.238519255304709
463	46.3	-0.0375442143995315	-0.238519255304709
464	46.4	-0.0362559128552675	-0.238519255304709
465	46.5	-0.0388325159437954	-0.238519255304709
466	46.6	-0.0388325159437954	-0.237230953760445
467	46.7	-0.0401208174880594	-0.237230953760445
468	46.8	-0.0401208174880594	-0.237230953760445
469	46.9	-0.0401208174880594	-0.237230953760445
470	47	-0.0401208174880594	-0.237230953760445
471	47.1	-0.0414091190323234	-0.237230953760445
472	47.2	-0.0426974205765873	-0.237230953760445
473	47.3	-0.0414091190323234	-0.235942652216181
474	47.4	-0.0414091190323234	-0.235942652216181
475	47.5	-0.0388325159437954	-0.235942652216181
476	47.6	-0.0388325159437954	-0.235942652216181
477	47.7	-0.0401208174880594	-0.235942652216181
478	47.8	-0.0362559128552675	-0.235942652216181
479	47.9	-0.0349676113110036	-0.234654350671917
480	48	-0.0336793097667396	-0.234654350671917
481	48.1	-0.0311027066782117	-0.234654350671917
482	48.2	-0.0298144051339477	-0.234654350671917
483	48.3	-0.0272378020454198	-0.233366049127653
484	48.4	-0.0272378020454198	-0.233366049127653
485	48.5	-0.0272378020454198	-0.233366049127653
486	48.6	-0.0285261035896838	-0.233366049127653
487	48.7	-0.0285261035896838	-0.232077747583389
488	48.8	-0.0285261035896838	-0.232077747583389
489	48.9	-0.0272378020454198	-0.232077747583389
490	49	-0.0272378020454198	-0.232077747583389
491	49.1	-0.0285261035896838	-0.232077747583389
492	49.2	-0.0272378020454198	-0.232077747583389
493	49.3	-0.0272378020454198	-0.232077747583389
494	49.4	-0.0259495005011559	-0.232077747583389
495	49.5	-0.0259495005011559	-0.232077747583389
496	49.6	-0.0259495005011559	-0.230789446039125
497	49.7	-0.0272378020454198	-0.230789446039125
498	49.8	-0.0272378020454198	-0.230789446039125
499	49.9	-0.0259495005011559	-0.230789446039125
500	50	-0.0259495005011559	-0.229501144494861
501	50.1	-0.0259495005011559	-0.229501144494861
502	50.2	-0.0259495005011559	-0.229501144494861
503	50.3	-0.0272378020454198	-0.229501144494861
504	50.4	-0.0259495005011559	-0.229501144494861
505	50.5	-0.0259495005011559	-0.229501144494861
506	50.6	-0.0259495005011559	-0.228212842950597
507	50.7	-0.0285261035896838	-0.228212842950597
508	50.8	-0.0272378020454198	-0.228212842950597
509	50.9	-0.0272378020454198	-0.228212842950597
510	51	-0.0272378020454198	-0.226924541406333
511	51.1	-0.0272378020454198	-0.226924541406333
512	51.2	-0.0272378020454198	-0.226924541406333
513	51.3	-0.0285261035896838	-0.226924541406333
514	51.4	-0.0285261035896838	-0.226924541406333
515	51.5	-0.0285261035896838	-0.225636239862069
516	51.6	-0.0298144051339477	-0.225636239862069
517	51.7	-0.0323910082224756	-0.225636239862069
518	51.8	-0.0311027066782117	-0.224347938317806
519	51.9	-0.0349676113110036	-0.224347938317806
520	52	-0.0375442143995315	-0.224347938317806
521	52.1	-0.0401208174880594	-0.223059636773542
522	52.2	-0.0452740236651152	-0.223059636773542
523	52.3	-0.0452740236651152	-0.223059636773542
524	52.4	-0.0465623252093792	-0.221771335229278
525	52.5	-0.0452740236651152	-0.223059636773542
526	52.6	-0.0426974205765873	-0.221771335229278
527	52.7	-0.0426974205765873	-0.220483033685014
528	52.8	-0.0414091190323234	-0.220483033685014
529	52.9	-0.0414091190323234	-0.220483033685014
530	53	-0.0414091190323234	-0.221771335229278
531	53.1	-0.0401208174880594	-0.220483033685014
532	53.2	-0.0401208174880594	-0.220483033685014
533	53.3	-0.0401208174880594	-0.220483033685014
534	53.4	-0.0388325159437954	-0.220483033685014
535	53.5	-0.0375442143995315	-0.220483033685014
536	53.6	-0.0388325159437954	-0.220483033685014
537	53.7	-0.0388325159437954	-0.21919473214075
538	53.8	-0.0401208174880594	-0.21919473214075
539	53.9	-0.0401208174880594	-0.21919473214075
540	54	-0.0414091190323234	-0.21919473214075
541	54.1	-0.0414091190323234	-0.21919473214075
542	54.2	-0.0426974205765873	-0.21919473214075
543	54.3	-0.0414091190323234	-0.21919473214075
544	54.4	-0.0426974205765873	-0.21919473214075
545	54.5	-0.0414091190323234	-0.217906430596486
546	54.6	-0.0401208174880594	-0.217906430596486
547	54.7	-0.0414091190323234	-0.217906430596486
548	54.8	-0.0414091190323234	-0.217906430596486
549	54.9	-0.0401208174880594	-0.216618129052222
550	55	-0.0375442143995315	-0.216618129052222
551	55.1	-0.0362559128552675	-0.216618129052222
552	55.2	-0.0336793097667396	-0.215329827507958
553	55.3	-0.0323910082224756	-0.215329827507958
554	55.4	-0.0323910082224756	-0.215329827507958
555	55.5	-0.0285261035896838	-0.215329827507958
556	55.6	-0.0298144051339477	-0.214041525963694
557	55.7	-0.0298144051339477	-0.215329827507958
558	55.8	-0.0298144051339477	-0.214041525963694
559	55.9	-0.0298144051339477	-0.21275322441943
560	56	-0.0285261035896838	-0.214041525963694
561	56.1	-0.0272378020454198	-0.21275322441943
562	56.2	-0.0272378020454198	-0.21275322441943
563	56.3	-0.0259495005011559	-0.21275322441943
564	56.4	-0.0272378020454198	-0.211464922875166
565	56.5	-0.0259495005011559	-0.21275322441943
566	56.6	-0.0259495005011559	-0.211464922875166
567	56.7	-0.0259495005011559	-0.211464922875166
568	56.8	-0.0272378020454198	-0.211464922875166
569	56.9	-0.0259495005011559	-0.210176621330902
570	57	-0.0272378020454198	-0.210176621330902
571	57.1	-0.0272378020454198	-0.210176621330902
572	57.2	-0.0246611989568919	-0.208888319786638
573	57.3	-0.0259495005011559	-0.208888319786638
574	57.4	-0.0259495005011559	-0.208888319786638
575	57.5	-0.0272378020454198	-0.207600018242374
576	57.6	-0.0272378020454198	-0.208888319786638
577	57.7	-0.0272378020454198	-0.208888319786638
578	57.8	-0.0259495005011559	-0.207600018242374
579	57.9	-0.0259495005011559	-0.207600018242374
580	58	-0.0272378020454198	-0.20631171669811
581	58.1	-0.0272378020454198	-0.205023415153846
582	58.2	-0.0272378020454198	-0.20631171669811
583	58.3	-0.0285261035896838	-0.205023415153846
584	58.4	-0.0298144051339477	-0.20631171669811
585	58.5	-0.0298144051339477	-0.205023415153846
586	58.6	-0.0298144051339477	-0.205023415153846
587	58.7	-0.0298144051339477	-0.205023415153846
588	58.8	-0.0285261035896838	-0.205023415153846
589	58.9	-0.0285261035896838	-0.205023415153846
590	59	-0.0285261035896838	-0.205023415153846
591	59.1	-0.0285261035896838	-0.205023415153846
592	59.2	-0.0272378020454198	-0.203735113609582
593	59.3	-0.0272378020454198	-0.202446812065318
594	59.4	-0.0285261035896838	-0.202446812065318
595	59.5	-0.0272378020454198	-0.202446812065318
596	59.6	-0.0272378020454198	-0.202446812065318
597	59.7	-0.0272378020454198	-0.202446812065318
598	59.8	-0.0259495005011559	-0.19987020897679
599	59.9	-0.0272378020454198	-0.19987020897679
600	60	-0.0259495005011559	-0.19987020897679
601	60.1	-0.0272378020454198	-0.19987020897679
602	60.2	-0.0272378020454198	-0.19987020897679
603	60.3	-0.0272378020454198	-0.198581907432526
604	60.4	-0.0272378020454198	-0.198581907432526
605	60.5	-0.0285261035896838	-0.198581907432526
606	60.6	-0.0272378020454198	-0.197293605888262
607	60.7	-0.0272378020454198	-0.197293605888262
608	60.8	-0.0272378020454198	-0.196005304343998
609	60.9	-0.0272378020454198	-0.197293605888262
610	61	-0.0272378020454198	-0.196005304343998
611	61.1	-0.0246611989568919	-0.196005304343998
612	61.2	-0.0259495005011559	-0.194717002799734
613	61.3	-0.0259495005011559	-0.194717002799734
614	61.4	-0.0259495005011559	-0.194717002799734
615	61.5	-0.0259495005011559	-0.193428701255471
616	61.6	-0.0272378020454198	-0.193428701255471
617	61.7	-0.0272378020454198	-0.193428701255471
618	61.8	-0.0259495005011559	-0.193428701255471
619	61.9	-0.0259495005011559	-0.193428701255471
620	62	-0.0272378020454198	-0.193428701255471
621	62.1	-0.0272378020454198	-0.192140399711207
622	62.2	-0.0259495005011559	-0.192140399711207
623	62.3	-0.0272378020454198	-0.190852098166943
624	62.4	-0.0272378020454198	-0.190852098166943
625	62.5	-0.0272378020454198	-0.190852098166943
626	62.6	-0.0272378020454198	-0.190852098166943
627	62.7	-0.0285261035896838	-0.190852098166943
628	62.8	-0.0272378020454198	-0.190852098166943
629	62.9	-0.0272378020454198	-0.190852098166943
630	63	-0.0285261035896838	-0.190852098166943
631	63.1	-0.0311027066782117	-0.189563796622679
632	63.2	-0.0323910082224756	-0.189563796622679
633	63.3	-0.0323910082224756	-0.189563796622679
634	63.4	-0.0323910082224756	-0.189563796622679
635	63.5	-0.0323910082224756	-0.189563796622679
636	63.6	-0.0323910082224756	-0.188275495078415
637	63.7	-0.0336793097667396	-0.188275495078415
638	63.8	-0.0349676113110036	-0.188275495078415
639	63.9	-0.0362559128552675	-0.188275495078415
640	64	-0.0414091190323234	-0.186987193534151
641	64.1	-0.0426974205765873	-0.186987193534151
642	64.2	-0.0426974205765873	-0.185698891989887
643	64.3	-0.0426974205765873	-0.185698891989887
644	64.4	-0.0414091190323234	-0.184410590445623
645	64.5	-0.0401208174880594	-0.183122288901359
646	64.6	-0.0375442143995315	-0.183122288901359
647	64.7	-0.0388325159437954	-0.183122288901359
648	64.8	-0.0401208174880594	-0.181833987357095
649	64.9	-0.0401208174880594	-0.181833987357095
650	65	-0.0401208174880594	-0.180545685812831
651	65.1	-0.0401208174880594	-0.180545685812831
652	65.2	-0.0414091190323234	-0.180545685812831
653	65.3	-0.0375442143995315	-0.180545685812831
654	65.4	-0.0362559128552675	-0.180545685812831
655	65.5	-0.0362559128552675	-0.179257384268567
656	65.6	-0.0362559128552675	-0.179257384268567
657	65.7	-0.0349676113110036	-0.179257384268567
658	65.8	-0.0336793097667396	-0.177969082724303
659	65.9	-0.0323910082224756	-0.177969082724303
660	66	-0.0323910082224756	-0.177969082724303
661	66.1	-0.0298144051339477	-0.176680781180039
662	66.2	-0.0285261035896838	-0.176680781180039
663	66.3	-0.0298144051339477	-0.176680781180039
664	66.4	-0.0285261035896838	-0.176680781180039
665	66.5	-0.0272378020454198	-0.176680781180039
666	66.6	-0.0259495005011559	-0.175392479635775
667	66.7	-0.0272378020454198	-0.175392479635775
668	66.8	-0.0285261035896838	-0.175392479635775
669	66.9	-0.0285261035896838	-0.175392479635775
670	67	-0.0272378020454198	-0.174104178091511
671	67.1	-0.0272378020454198	-0.174104178091511
672	67.2	-0.0285261035896838	-0.174104178091511
673	67.3	-0.0285261035896838	-0.172815876547247
674	67.4	-0.0298144051339477	-0.172815876547247
675	67.5	-0.0285261035896838	-0.172815876547247
676	67.6	-0.0285261035896838	-0.172815876547247
677	67.7	-0.0285261035896838	-0.172815876547247
678	67.8	-0.0311027066782117	-0.171527575002983
679	67.9	-0.0336793097667396	-0.171527575002983
680	68	-0.0362559128552675	-0.171527575002983
681	68.1	-0.0426974205765873	-0.171527575002983
682	68.2	-0.0452740236651152	-0.171527575002983
683	68.3	-0.0465623252093792	-0.171527575002983
684	68.4	-0.0491389282979071	-0.170239273458719
685	68.5	-0.0504272298421711	-0.170239273458719
686	68.6	-0.0542921344749629	-0.170239273458719
687	68.7	-0.0581570391077548	-0.168950971914455
688	68.8	-0.0633102452848107	-0.168950971914455
689	68.9	-0.0658868483733386	-0.168950971914455
690	69	-0.0671751499176025	-0.168950971914455
691	69.1	-0.0723283560946584	-0.167662670370191
692	69.2	-0.0787698638159782	-0.167662670370191
693	69.3	-0.0813464669045061	-0.167662670370191
694	69.4	-0.083923069993034	-0.167662670370191
695	69.5	-0.0877879746258259	-0.167662670370191
696	69.6	-0.0877879746258259	-0.167662670370191
697	69.7	-0.0916528792586178	-0.167662670370191
698	69.8	-0.0916528792586178	-0.166374368825927
699	69.9	-0.0929411808028817	-0.166374368825927
700	70	-0.0942294823471457	-0.166374368825927
701	70.1	-0.0955177838914096	-0.167662670370191
702	70.2	-0.0942294823471457	-0.166374368825927
703	70.3	-0.0916528792586178	-0.166374368825927
704	70.4	-0.0929411808028817	-0.166374368825927
705	70.5	-0.0929411808028817	-0.165086067281663
706	70.6	-0.0916528792586178	-0.165086067281663
707	70.7	-0.0903645777143538	-0.165086067281663
708	70.8	-0.0877879746258259	-0.165086067281663
709	70.9	-0.0877879746258259	-0.165086067281663
710	71	-0.0877879746258259	-0.165086067281663
711	71.1	-0.083923069993034	-0.165086067281663
712	71.2	-0.083923069993034	-0.163797765737399
713	71.3	-0.0813464669045061	-0.165086067281663
714	71.4	-0.0787698638159782	-0.165086067281663
715	71.5	-0.0774815622717142	-0.165086067281663
716	71.6	-0.0787698638159782	-0.165086067281663
717	71.7	-0.0787698638159782	-0.163797765737399
718	71.8	-0.0800581653602421	-0.165086067281663
719	71.9	-0.0800581653602421	-0.163797765737399
720	72	-0.0800581653602421	-0.163797765737399
721	72.1	-0.0774815622717142	-0.162509464193135
722	72.2	-0.0749049591831863	-0.162509464193135
723	72.3	-0.0736166576389223	-0.162509464193135
724	72.4	-0.0736166576389223	-0.162509464193135
725	72.5	-0.0710400545503944	-0.161221162648872
726	72.6	-0.0671751499176025	-0.162509464193135
727	72.7	-0.0645985468290746	-0.162509464193135
728	72.8	-0.0620219437405467	-0.161221162648872
729	72.9	-0.0594453406520188	-0.161221162648872
730	73	-0.0555804360192269	-0.161221162648872
731	73.1	-0.0542921344749629	-0.161221162648872
732	73.2	-0.051715531386435	-0.159932861104608
733	73.3	-0.0478506267536432	-0.161221162648872
734	73.4	-0.0465623252093792	-0.159932861104608
735	73.5	-0.0439857221208513	-0.159932861104608
736	73.6	-0.0426974205765873	-0.159932861104608
737	73.7	-0.0388325159437954	-0.159932861104608
738	73.8	-0.0362559128552675	-0.158644559560344
739	73.9	-0.0362559128552675	-0.158644559560344
740	74	-0.0362559128552675	-0.159932861104608
741	74.1	-0.0336793097667396	-0.158644559560344
742	74.2	-0.0323910082224756	-0.158644559560344
743	74.3	-0.0323910082224756	-0.158644559560344
744	74.4	-0.0311027066782117	-0.158644559560344
745	74.5	-0.0311027066782117	-0.15735625801608
746	74.6	-0.0298144051339477	-0.158644559560344
747	74.7	-0.0298144051339477	-0.15735625801608
748	74.8	-0.0285261035896838	-0.15735625801608
749	74.9	-0.0285261035896838	-0.15735625801608
750	75	-0.0298144051339477	-0.158644559560344
751	75.1	-0.0272378020454198	-0.158644559560344
752	75.2	-0.0285261035896838	-0.15735625801608
753	75.3	-0.0298144051339477	-0.15735625801608
754	75.4	-0.0285261035896838	-0.15735625801608
755	75.5	-0.0272378020454198	-0.15735625801608
756	75.6	-0.0272378020454198	-0.15735625801608
757	75.7	-0.0285261035896838	-0.156067956471816
758	75.8	-0.0272378020454198	-0.15735625801608
759	75.9	-0.0272378020454198	-0.156067956471816
760	76	-0.0272378020454198	-0.156067956471816
761	76.1	-0.0272378020454198	-0.15735625801608
762	76.2	-0.0285261035896838	-0.15735625801608
763	76.3	-0.0285261035896838	-0.156067956471816
764	76.4	-0.0285261035896838	-0.156067956471816
765	76.5	-0.0298144051339477	-0.156067956471816
766	76.6	-0.0298144051339477	-0.156067956471816
767	76.7	-0.0272378020454198	-0.156067956471816
768	76.8	-0.0285261035896838	-0.156067956471816
769	76.9	-0.0298144051339477	-0.156067956471816
770	77	-0.0285261035896838	-0.154779654927552
771	77.1	-0.0285261035896838	-0.154779654927552
772	77.2	-0.0298144051339477	-0.156067956471816
773	77.3	-0.0311027066782117	-0.154779654927552
774	77.4	-0.0311027066782117	-0.154779654927552
775	77.5	-0.0323910082224756	-0.153491353383288
776	77.6	-0.0311027066782117	-0.153491353383288
777	77.7	-0.0311027066782117	-0.153491353383288
778	77.8	-0.0336793097667396	-0.153491353383288
779	77.9	-0.0375442143995315	-0.152203051839024
780	78	-0.0439857221208513	-0.153491353383288
781	78.1	-0.0452740236651152	-0.152203051839024
782	78.2	-0.0478506267536432	-0.152203051839024
783	78.3	-0.0504272298421711	-0.152203051839024
784	78.4	-0.051715531386435	-0.15091475029476
785	78.5	-0.0555804360192269	-0.15091475029476
786	78.6	-0.0581570391077548	-0.15091475029476
787	78.7	-0.0645985468290746	-0.149626448750496
788	78.8	-0.0723283560946584	-0.149626448750496
789	78.9	-0.0749049591831863	-0.149626448750496
790	79	-0.0787698638159782	-0.149626448750496
791	79.1	-0.085211371537298	-0.148338147206232
792	79.2	-0.0929411808028817	-0.148338147206232
793	79.3	-0.0993826885242015	-0.148338147206232
794	79.4	-0.105824196245521	-0.148338147206232
795	79.5	-0.110977402422577	-0.148338147206232
796	79.6	-0.112265703966841	-0.148338147206232
797	79.7	-0.112265703966841	-0.147049845661968
798	79.8	-0.112265703966841	-0.147049845661968
799	79.9	-0.112265703966841	-0.147049845661968
800	80	-0.110977402422577	-0.147049845661968
801	80.1	-0.110977402422577	-0.147049845661968
802	80.2	-0.110977402422577	-0.145761544117704
803	80.3	-0.110977402422577	-0.145761544117704
804	80.4	-0.109689100878313	-0.145761544117704
805	80.5	-0.109689100878313	-0.145761544117704
806	80.6	-0.104535894701257	-0.145761544117704
807	80.7	-0.100670990068465	-0.145761544117704
808	80.8	-0.0968060854356736	-0.14447324257344
809	80.9	-0.0942294823471457	-0.145761544117704
810	81	-0.0903645777143538	-0.14447324257344
811	81.1	-0.0929411808028817	-0.14447324257344
812	81.2	-0.0955177838914096	-0.14447324257344
813	81.3	-0.0916528792586178	-0.143184941029176
814	81.4	-0.0890762761700898	-0.14447324257344
815	81.5	-0.0890762761700898	-0.14447324257344
816	81.6	-0.0877879746258259	-0.14447324257344
817	81.7	-0.0877879746258259	-0.14447324257344
818	81.8	-0.0864996730815619	-0.14447324257344
819	81.9	-0.08263476844877	-0.143184941029176
820	82	-0.083923069993034	-0.143184941029176
821	82.1	-0.08263476844877	-0.143184941029176
822	82.2	-0.0800581653602421	-0.143184941029176
823	82.3	-0.0710400545503944	-0.141896639484912
824	82.4	-0.0671751499176025	-0.141896639484912
825	82.5	-0.0633102452848107	-0.141896639484912
826	82.6	-0.0633102452848107	-0.141896639484912
827	82.7	-0.0594453406520188	-0.141896639484912
828	82.8	-0.0555804360192269	-0.140608337940648
829	82.9	-0.0542921344749629	-0.141896639484912
830	83	-0.051715531386435	-0.140608337940648
831	83.1	-0.0491389282979071	-0.140608337940648
832	83.2	-0.0465623252093792	-0.140608337940648
833	83.3	-0.0465623252093792	-0.140608337940648
834	83.4	-0.0465623252093792	-0.140608337940648
835	83.5	-0.0439857221208513	-0.139320036396384
836	83.6	-0.0439857221208513	-0.140608337940648
837	83.7	-0.0426974205765873	-0.140608337940648
838	83.8	-0.0401208174880594	-0.139320036396384
839	83.9	-0.0388325159437954	-0.139320036396384
840	84	-0.0388325159437954	-0.139320036396384
841	84.1	-0.0375442143995315	-0.140608337940648
842	84.2	-0.0375442143995315	-0.139320036396384
843	84.3	-0.0375442143995315	-0.139320036396384
844	84.4	-0.0336793097667396	-0.139320036396384
845	84.5	-0.0336793097667396	-0.139320036396384
846	84.6	-0.0336793097667396	-0.139320036396384
847	84.7	-0.0336793097667396	-0.13803173485212
848	84.8	-0.0323910082224756	-0.13803173485212
849	84.9	-0.0311027066782117	-0.13803173485212
850	85	-0.0298144051339477	-0.13803173485212
851	85.1	-0.0298144051339477	-0.139320036396384
852	85.2	-0.0272378020454198	-0.13803173485212
853	85.3	-0.0285261035896838	-0.13803173485212
854	85.4	-0.0272378020454198	-0.13803173485212
855	85.5	-0.0285261035896838	-0.13803173485212
856	85.6	-0.0285261035896838	-0.13803173485212
857	85.7	-0.0285261035896838	-0.13803173485212
858	85.8	-0.0285261035896838	-0.136743433307856
859	85.9	-0.0285261035896838	-0.13803173485212
860	86	-0.0272378020454198	-0.136743433307856
861	86.1	-0.0285261035896838	-0.136743433307856
862	86.2	-0.0285261035896838	-0.136743433307856
863	86.3	-0.0272378020454198	-0.136743433307856
864	86.4	-0.0259495005011559	-0.136743433307856
865	86.5	-0.0259495005011559	-0.136743433307856
866	86.6	-0.0272378020454198	-0.135455131763592
867	86.7	-0.0285261035896838	-0.135455131763592
868	86.8	-0.0285261035896838	-0.135455131763592
869	86.9	-0.0285261035896838	-0.135455131763592
870	87	-0.0285261035896838	-0.136743433307856
871	87.1	-0.0285261035896838	-0.135455131763592
872	87.2	-0.0285261035896838	-0.135455131763592
873	87.3	-0.0285261035896838	-0.135455131763592
874	87.4	-0.0285261035896838	-0.135455131763592
875	87.5	-0.0298144051339477	-0.135455131763592
876	87.6	-0.0285261035896838	-0.134166830219328
877	87.7	-0.0285261035896838	-0.134166830219328
878	87.8	-0.0298144051339477	-0.134166830219328
879	87.9	-0.0285261035896838	-0.134166830219328
880	88	-0.0285261035896838	-0.134166830219328
881	88.1	-0.0272378020454198	-0.134166830219328
882	88.2	-0.0285261035896838	-0.134166830219328
883	88.3	-0.0298144051339477	-0.132878528675064
884	88.4	-0.0323910082224756	-0.132878528675064
885	88.5	-0.0323910082224756	-0.132878528675064
886	88.6	-0.0336793097667396	-0.132878528675064
887	88.7	-0.0323910082224756	-0.132878528675064
888	88.8	-0.0323910082224756	-0.1315902271308
889	88.9	-0.0323910082224756	-0.1315902271308
890	89	-0.0323910082224756	-0.1315902271308
891	89.1	-0.0349676113110036	-0.1315902271308
892	89.2	-0.0323910082224756	-0.130301925586537
893	89.3	-0.0323910082224756	-0.130301925586537
894	89.4	-0.0336793097667396	-0.130301925586537
895	89.5	-0.0336793097667396	-0.130301925586537
896	89.6	-0.0349676113110036	-0.130301925586537
897	89.7	-0.0349676113110036	-0.1315902271308
898	89.8	-0.0349676113110036	-0.130301925586537
899	89.9	-0.0362559128552675	-0.130301925586537
900	90	-0.0362559128552675	-0.129013624042273
901	90.1	-0.0388325159437954	-0.130301925586537
902	90.2	-0.0401208174880594	-0.129013624042273
903	90.3	-0.0426974205765873	-0.129013624042273
904	90.4	-0.0426974205765873	-0.129013624042273
905	90.5	-0.0439857221208513	-0.129013624042273
906	90.6	-0.0465623252093792	-0.129013624042273
907	90.7	-0.0439857221208513	-0.129013624042273
908	90.8	-0.0439857221208513	-0.129013624042273
909	90.9	-0.0452740236651152	-0.129013624042273
910	91	-0.0478506267536432	-0.129013624042273
911	91.1	-0.0465623252093792	-0.127725322498009
912	91.2	-0.0478506267536432	-0.129013624042273
913	91.3	-0.0465623252093792	-0.127725322498009
914	91.4	-0.0478506267536432	-0.127725322498009
915	91.5	-0.0478506267536432	-0.127725322498009
916	91.6	-0.0478506267536432	-0.127725322498009
917	91.7	-0.0504272298421711	-0.127725322498009
918	91.8	-0.0478506267536432	-0.127725322498009
919	91.9	-0.0452740236651152	-0.127725322498009
920	92	-0.0439857221208513	-0.127725322498009
921	92.1	-0.0439857221208513	-0.127725322498009
922	92.2	-0.0414091190323234	-0.126437020953745
923	92.3	-0.0388325159437954	-0.126437020953745
924	92.4	-0.0388325159437954	-0.126437020953745
925	92.5	-0.0388325159437954	-0.126437020953745
926	92.6	-0.0375442143995315	-0.126437020953745
927	92.7	-0.0375442143995315	-0.126437020953745
928	92.8	-0.0375442143995315	-0.126437020953745
929	92.9	-0.0375442143995315	-0.125148719409481
930	93	-0.0349676113110036	-0.125148719409481
931	93.1	-0.0349676113110036	-0.125148719409481
932	93.2	-0.0349676113110036	-0.125148719409481
933	93.3	-0.0349676113110036	-0.125148719409481
934	93.4	-0.0362559128552675	-0.125148719409481
935	93.5	-0.0362559128552675	-0.125148719409481
936	93.6	-0.0349676113110036	-0.123860417865217
937	93.7	-0.0336793097667396	-0.125148719409481
938	93.8	-0.0323910082224756	-0.123860417865217
939	93.9	-0.0311027066782117	-0.123860417865217
940	94	-0.0311027066782117	-0.123860417865217
941	94.1	-0.0311027066782117	-0.123860417865217
942	94.2	-0.0285261035896838	-0.123860417865217
943	94.3	-0.0259495005011559	-0.122572116320953
944	94.4	-0.0272378020454198	-0.122572116320953
945	94.5	-0.0259495005011559	-0.122572116320953
946	94.6	-0.0246611989568919	-0.122572116320953
947	94.7	-0.022084595868364	-0.122572116320953
948	94.8	-0.0233728974126279	-0.122572116320953
949	94.9	-0.0233728974126279	-0.121283814776689
950	95	-0.0246611989568919	-0.121283814776689
951	95.1	-0.0246611989568919	-0.121283814776689
952	95.2	-0.0246611989568919	-0.121283814776689
953	95.3	-0.0259495005011559	-0.119995513232425
954	95.4	-0.0246611989568919	-0.121283814776689
955	95.5	-0.0246611989568919	-0.119995513232425
956	95.6	-0.0259495005011559	-0.119995513232425
957	95.7	-0.0246611989568919	-0.118707211688161
958	95.8	-0.0246611989568919	-0.118707211688161
959	95.9	-0.0246611989568919	-0.119995513232425
960	96	-0.0246611989568919	-0.119995513232425
961	96.1	-0.0233728974126279	-0.118707211688161
962	96.2	-0.0246611989568919	-0.119995513232425
963	96.3	-0.0233728974126279	-0.118707211688161
964	96.4	-0.0246611989568919	-0.118707211688161
965	96.5	-0.0246611989568919	-0.118707211688161
966	96.6	-0.0259495005011559	-0.118707211688161
967	96.7	-0.0259495005011559	-0.118707211688161
968	96.8	-0.0259495005011559	-0.118707211688161
969	96.9	-0.0272378020454198	-0.118707211688161
970	97	-0.0272378020454198	-0.117418910143897
971	97.1	-0.0272378020454198	-0.117418910143897
972	97.2	-0.0298144051339477	-0.117418910143897
973	97.3	-0.0336793097667396	-0.117418910143897
974	97.4	-0.0362559128552675	-0.117418910143897
975	97.5	-0.0388325159437954	-0.116130608599633
976	97.6	-0.0401208174880594	-0.116130608599633
977	97.7	-0.0401208174880594	-0.116130608599633
978	97.8	-0.0414091190323234	-0.116130608599633
979	97.9	-0.0426974205765873	-0.116130608599633
980	98	-0.0452740236651152	-0.116130608599633
981	98.1	-0.0439857221208513	-0.116130608599633
982	98.2	-0.0452740236651152	-0.116130608599633
983	98.3	-0.0465623252093792	-0.114842307055369
984	98.4	-0.0491389282979071	-0.114842307055369
985	98.5	-0.0504272298421711	-0.114842307055369
986	98.6	-0.051715531386435	-0.114842307055369
987	98.7	-0.0542921344749629	-0.113554005511105
988	98.8	-0.0555804360192269	-0.113554005511105
989	98.9	-0.0633102452848107	-0.114842307055369
990	99	-0.0684634514618665	-0.114842307055369
991	99.1	-0.0658868483733386	-0.114842307055369
992	99.2	-0.0671751499176025	-0.113554005511105
993	99.3	-0.0671751499176025	-0.113554005511105
994	99.4	-0.0710400545503944	-0.113554005511105
995	99.5	-0.0749049591831863	-0.112265703966841
996	99.6	-0.0800581653602421	-0.112265703966841
997	99.7	-0.0749049591831863	-0.112265703966841
998	99.8	-0.0736166576389223	-0.110977402422577
999	99.9	-0.0723283560946584	-0.110977402422577
1000	100	-0.0736166576389223	-0.110977402422577
1001	100.1	-0.0723283560946584	-0.110977402422577
1002	100.2	-0.0710400545503944	-0.110977402422577
1003	100.3	-0.0684634514618665	-0.110977402422577
1004	100.4	-0.0710400545503944	-0.110977402422577
1005	100.5	-0.0736166576389223	-0.109689100878313
1006	100.6	-0.0697517530061305	-0.109689100878313
1007	100.7	-0.0671751499176025	-0.108400799334049
1008	100.8	-0.0684634514618665	-0.108400799334049
1009	100.9	-0.0684634514618665	-0.108400799334049
1010	101	-0.0633102452848107	-0.108400799334049
1011	101.1	-0.0607336421962827	-0.107112497789785
1012	101.2	-0.0568687375634909	-0.108400799334049
1013	101.3	-0.0542921344749629	-0.107112497789785
1014	101.4	-0.051715531386435	-0.107112497789785
1015	101.5	-0.0491389282979071	-0.107112497789785
1016	101.6	-0.0478506267536432	-0.107112497789785
1017	101.7	-0.0439857221208513	-0.105824196245521
1018	101.8	-0.0401208174880594	-0.105824196245521
1019	101.9	-0.0375442143995315	-0.105824196245521
1020	102	-0.0323910082224756	-0.104535894701257
1021	102.1	-0.0298144051339477	-0.104535894701257
1022	102.2	-0.0323910082224756	-0.103247593156993
1023	102.3	-0.0323910082224756	-0.103247593156993
1024	102.4	-0.0298144051339477	-0.103247593156993
1025	102.5	-0.0272378020454198	-0.103247593156993
1026	102.6	-0.0272378020454198	-0.101959291612729
1027	102.7	-0.0259495005011559	-0.101959291612729
1028	102.8	-0.0272378020454198	-0.101959291612729
1029	102.9	-0.0259495005011559	-0.101959291612729
1030	103	-0.0272378020454198	-0.101959291612729
1031	103.1	-0.0259495005011559	-0.100670990068465
1032	103.2	-0.0259495005011559	-0.100670990068465
1033	103.3	-0.0272378020454198	-0.100670990068465
1034	103.4	-0.0298144051339477	-0.100670990068465
1035	103.5	-0.0336793097667396	-0.0993826885242015
1036	103.6	-0.0375442143995315	-0.0993826885242015
1037	103.7	-0.0401208174880594	-0.0993826885242015
1038	103.8	-0.0401208174880594	-0.0980943869799376
1039	103.9	-0.0465623252093792	-0.0993826885242015
1040	104	-0.0542921344749629	-0.0980943869799376
1041	104.1	-0.0620219437405467	-0.0980943869799376
1042	104.2	-0.0684634514618665	-0.0968060854356736
1043	104.3	-0.0787698638159782	-0.0980943869799376
1044	104.4	-0.0864996730815619	-0.0980943869799376
1045	104.5	-0.0916528792586178	-0.0968060854356736
1046	104.6	-0.104535894701257	-0.0968060854356736
1047	104.7	-0.113554005511105	-0.0968060854356736
1048	104.8	-0.122572116320953	-0.0968060854356736
1049	104.9	-0.127725322498009	-0.0968060854356736
1050	105	-0.13803173485212	-0.0955177838914096
1051	105.1	-0.161221162648872	-0.0955177838914096
1052	105.2	-0.174104178091511	-0.0955177838914096
1053	105.3	-0.184410590445623	-0.0955177838914096
1054	105.4	-0.207600018242374	-0.0955177838914096
1055	105.5	-0.229501144494861	-0.0955177838914096
1056	105.6	-0.238519255304709	-0.0942294823471457
1057	105.7	-0.242384159937501	-0.0942294823471457
1058	105.8	-0.244960763026029	-0.0942294823471457
1059	105.9	-0.260420381557196	-0.0942294823471457
1060	106	-0.275880000088364	-0.0942294823471457
1061	106.1	-0.28103320626542	-0.0929411808028817
1062	106.2	-0.286186412442476	-0.0929411808028817
1063	106.3	-0.279744904721156	-0.0929411808028817
1064	106.4	-0.277168301632628	-0.0929411808028817
1065	106.5	-0.270726793911308	-0.0916528792586178
1066	106.6	-0.266861889278516	-0.0916528792586178
1067	106.7	-0.260420381557196	-0.0916528792586178
1068	106.8	-0.253978873835877	-0.0903645777143538
1069	106.9	-0.253978873835877	-0.0903645777143538
1070	107	-0.238519255304709	-0.0890762761700898
1071	107.1	-0.226924541406333	-0.0890762761700898
1072	107.2	-0.221771335229278	-0.0877879746258259
1073	107.3	-0.223059636773542	-0.0877879746258259
1074	107.4	-0.217906430596486	-0.0877879746258259
1075	107.5	-0.19987020897679	-0.0864996730815619
1076	107.6	-0.181833987357095	-0.0877879746258259
1077	107.7	-0.161221162648872	-0.0877879746258259
1078	107.8	-0.152203051839024	-0.0864996730815619
1079	107.9	-0.141896639484912	-0.0864996730815619
1080	108	-0.126437020953745	-0.0864996730815619
1081	108.1	-0.0903645777143538	-0.085211371537298
1082	108.2	-0.0710400545503944	-0.085211371537298
1083	108.3	-0.0645985468290746	-0.083923069993034
1084	108.4	-0.0581570391077548	-0.083923069993034
1085	108.5	-0.0542921344749629	-0.083923069993034
1086	108.6	-0.0491389282979071	-0.083923069993034
1087	108.7	-0.0465623252093792	-0.083923069993034
1088	108.8	-0.0452740236651152	-0.08263476844877
1089	108.9	-0.0375442143995315	-0.08263476844877
1090	109	-0.0349676113110036	-0.08263476844877
1091	109.1	-0.0336793097667396	-0.08263476844877
1092	109.2	-0.0285261035896838	-0.0813464669045061
1093	109.3	-0.0311027066782117	-0.0813464669045061
1094	109.4	-0.0349676113110036	-0.0800581653602421
1095	109.5	-0.053003832930699	-0.0800581653602421
1096	109.6	-0.0607336421962827	-0.0787698638159782
1097	109.7	-0.0633102452848107	-0.0787698638159782
1098	109.8	-0.0800581653602421	-0.0787698638159782
1099	109.9	-0.0942294823471457	-0.0787698638159782
1100	110	-0.121283814776689	-0.0774815622717142
1101	110.1	-0.158644559560344	-0.0761932607274503
1102	110.2	-0.201158510521054	-0.0761932607274503
1103	110.3	-0.223059636773542	-0.0761932607274503
1104	110.4	-0.244960763026029	-0.0761932607274503
1105	110.5	-0.301646030973643	-0.0749049591831863
1106	110.6	-0.357042997376993	-0.0749049591831863
1107	110.7	-0.417593169957399	-0.0749049591831863
1108	110.8	-0.429187883855775	-0.0736166576389223
1109	110.9	-0.449800708563998	-0.0736166576389223
1110	111	-0.451089010108262	-0.0736166576389223
1111	111.1	-0.417593169957399	-0.0723283560946584
1112	111.2	-0.39826864679344	-0.0723283560946584
1113	111.3	-0.405998456059024	-0.0710400545503944
1114	111.4	-0.387962234439328	-0.0710400545503944
1115	111.5	-0.375079218996689	-0.0710400545503944
1116	111.6	-0.34931318811141	-0.0697517530061305
1117	111.7	-0.33643017266877	-0.0684634514618665
1118	111.8	-0.291339618619531	-0.0684634514618665
1119	111.9	-0.247537366114557	-0.0684634514618665
1120	112	-0.228212842950597	-0.0671751499176025
1121	112.1	-0.190852098166943	-0.0671751499176025
1122	112.2	-0.123860417865217	-0.0658868483733386
1123	112.3	-0.0903645777143538	-0.0658868483733386
1124	112.4	-0.0774815622717142	-0.0658868483733386
1125	112.5	-0.0723283560946584	-0.0645985468290746
1126	112.6	-0.0581570391077548	-0.0645985468290746
1127	112.7	-0.0414091190323234	-0.0645985468290746
1128	112.8	-0.0349676113110036	-0.0633102452848107
1129	112.9	-0.0298144051339477	-0.0633102452848107
1130	113	-0.0336793097667396	-0.0620219437405467
1131	113.1	-0.0336793097667396	-0.0620219437405467
1132	113.2	-0.0414091190323234	-0.0620219437405467
1133	113.3	-0.0620219437405467	-0.0607336421962827
1134	113.4	-0.0929411808028817	-0.0594453406520188
1135	113.5	-0.104535894701257	-0.0594453406520188
1136	113.6	-0.127725322498009	-0.0581570391077548
1137	113.7	-0.141896639484912	-0.0581570391077548
1138	113.8	-0.192140399711207	-0.0568687375634909
1139	113.9	-0.233366049127653	-0.0568687375634909
1140	114	-0.248825667658821	-0.0568687375634909
1141	114.1	-0.26815019082278	-0.0568687375634909
1142	114.2	-0.304222634062171	-0.0568687375634909
1143	114.3	-0.327412061858922	-0.0555804360192269
1144	114.4	-0.32354715722613	-0.0555804360192269
1145	114.5	-0.33643017266877	-0.0555804360192269
1146	114.6	-0.333853569580242	-0.0555804360192269
1147	114.7	-0.345448283478618	-0.0542921344749629
1148	114.8	-0.345448283478618	-0.0542921344749629
1149	114.9	-0.327412061858922	-0.0542921344749629
1150	115	-0.302934332517907	-0.053003832930699
1151	115.1	-0.310664141783491	-0.053003832930699
1152	115.2	-0.282321507809684	-0.051715531386435
1153	115.3	-0.241095858393237	-0.053003832930699
1154	115.4	-0.238519255304709	-0.051715531386435
1155	115.5	-0.21919473214075	-0.051715531386435
1156	115.6	-0.176680781180039	-0.051715531386435
1157	115.7	-0.129013624042273	-0.0504272298421711
1158	115.8	-0.103247593156993	-0.0491389282979071
1159	115.9	-0.0942294823471457	-0.0491389282979071
1160	116	-0.0800581653602421	-0.0478506267536432
1161	116.1	-0.0697517530061305	-0.0491389282979071
1162	116.2	-0.0684634514618665	-0.0478506267536432
1163	116.3	-0.0658868483733386	-0.0478506267536432
1164	116.4	-0.0633102452848107	-0.0478506267536432
1165	116.5	-0.0452740236651152	-0.0465623252093792
1166	116.6	-0.0388325159437954	-0.0465623252093792
1167	116.7	-0.0388325159437954	-0.0465623252093792
1168	116.8	-0.0336793097667396	-0.0452740236651152
1169	116.9	-0.0323910082224756	-0.0452740236651152
1170	117	-0.0375442143995315	-0.0452740236651152
1171	117.1	-0.0375442143995315	-0.0439857221208513
1172	117.2	-0.0594453406520188	-0.0439857221208513
1173	117.3	-0.0813464669045061	-0.0426974205765873
1174	117.4	-0.135455131763592	-0.0414091190323234
1175	117.5	-0.147049845661968	-0.0414091190323234
1176	117.6	-0.14447324257344	-0.0414091190323234
1177	117.7	-0.184410590445623	-0.0401208174880594
1178	117.8	-0.230789446039125	-0.0401208174880594
1179	117.9	-0.243672461481765	-0.0401208174880594
1180	118	-0.26815019082278	-0.0401208174880594
1181	118.1	-0.293916221708059	-0.0401208174880594
1182	118.2	-0.332565268035978	-0.0388325159437954
1183	118.3	-0.430476185400039	-0.0388325159437954
1184	118.4	-0.457530517829582	-0.0388325159437954
1185	118.5	-0.511639182688668	-0.0388325159437954
1186	118.6	-0.516792388865724	-0.0388325159437954
1187	118.7	-0.561882942914963	-0.0375442143995315
1188	118.8	-0.57090105372481	-0.0375442143995315
1189	118.9	-0.597955386154354	-0.0375442143995315
1190	119	-0.613415004685521	-0.0375442143995315
1191	119.1	-0.615991607774049	-0.0362559128552675
1192	119.2	-0.587648973800242	-0.0375442143995315
1193	119.3	-0.610838401596993	-0.0362559128552675
1194	119.4	-0.594090481521562	-0.0362559128552675
1195	119.5	-0.572189355269074	-0.0349676113110036
1196	119.6	-0.536116912029684	-0.0362559128552675
1197	119.7	-0.46654862863943	-0.0362559128552675
1198	119.8	-0.461395422462374	-0.0349676113110036
1199	119.9	-0.381520726718009	-0.0349676113110036
1200	120	-0.302934332517907	-0.0349676113110036
1201	120.1	-0.265573587734252	-0.0336793097667396
1202	120.2	-0.232077747583389	-0.0336793097667396
1203	120.3	-0.177969082724303	-0.0323910082224756
1204	120.4	-0.134166830219328	-0.0323910082224756
1205	120.5	-0.104535894701257	-0.0323910082224756
1206	120.6	-0.0903645777143538	-0.0323910082224756
1207	120.7	-0.053003832930699	-0.0311027066782117
1208	120.8	-0.0542921344749629	-0.0311027066782117
1209	120.9	-0.0504272298421711	-0.0298144051339477
1210	121	-0.0349676113110036	-0.0285261035896838
1211	121.1	-0.053003832930699	-0.0285261035896838
1212	121.2	-0.0504272298421711	-0.0285261035896838
1213	121.3	-0.0955177838914096	-0.0272378020454198
1214	121.4	-0.139320036396384	-0.0272378020454198
1215	121.5	-0.242384159937501	-0.0259495005011559
1216	121.6	-0.377655822085217	-0.0259495005011559
1217	121.7	-0.465260327095166	-0.0259495005011559
1218	121.8	-0.671388574177399	-0.0246611989568919
1219	121.9	-0.868498710449785	-0.0246611989568919
1220	122	-1.05272583127953	-0.0233728974126279
1221	122.1	-1.20861031813547	-0.0233728974126279
1222	122.2	-1.52166759339161	-0.022084595868364
1223	122.3	-1.69945320650004	-0.022084595868364
1224	122.4	-1.82313015474938	-0.0207962943241
1225	122.5	-1.95840181689709	-0.0207962943241
1226	122.6	-1.98287954623811	-0.0207962943241
1227	122.7	-1.97643803851679	-0.0195079927798361
1228	122.8	-1.89141013659537	-0.0195079927798361
1229	122.9	-1.90944635821506	-0.0195079927798361
1230	123	-1.77417469606735	-0.0182196912355721
1231	123.1	-1.49074835632928	-0.0182196912355721
1232	123.2	-1.35934159881435	-0.0182196912355721
1233	123.3	-1.08622167143039	-0.0169313896913081
1234	123.4	-0.885246630525216	-0.0169313896913081
1235	123.5	-0.729362143669277	-0.0156430881470442
1236	123.6	-0.530963705852628	-0.0156430881470442
1237	123.7	-0.311952443327755	-0.0143547866027802
1238	123.8	-0.176680781180039	-0.0143547866027802
1239	123.9	-0.113554005511105	-0.0130664850585163
1240	124	-0.0787698638159782	-0.0130664850585163
1241	124.1	-0.0697517530061305	-0.0130664850585163
1242	124.2	-0.0607336421962827	-0.0130664850585163
1243	124.3	-0.0710400545503944	-0.0117781835142523
1244	124.4	-0.145761544117704	-0.0117781835142523
1245	124.5	-0.324835458770394	-0.0104898819699883
1246	124.6	-0.618568210862577	-0.0104898819699883
1247	124.7	-0.793777220882475	-0.0104898819699883
1248	124.8	-1.06174394208938	-0.00920158042572439
1249	124.9	-1.51909099030308	-0.00920158042572439
1250	125	-1.86306750262156	-0.00791327888146043
1251	125.1	-2.2869187106844	-0.00791327888146043
1252	125.2	-2.72107633110136	-0.00662497733719647
1253	125.3	-2.89628534112126	-0.00662497733719647
1254	125.4	-3.25314486888237	-0.00662497733719647
1255	125.5	-3.52111159008928	-0.00662497733719647
1256	125.6	-3.71435682172887	-0.00662497733719647
1257	125.7	-3.75429416960105	-0.00533667579293251
1258	125.8	-3.95398090896197	-0.00533667579293251
1259	125.9	-4.01581938308664	-0.00404837424866855
1260	126	-4.01839598617516	-0.00404837424866855
1261	126.1	-3.96299901977181	-0.00533667579293251
1262	126.2	-3.85735829314217	-0.00404837424866855
1263	126.3	-3.81226773909293	-0.00276007270440459
1264	126.4	-3.86637640395202	-0.00404837424866855
1265	126.5	-3.8882775302045	-0.00404837424866855
1266	126.6	-3.82643905607983	-0.00276007270440459
1267	126.7	-3.66926626767963	-0.00276007270440459
1268	126.8	-3.2235139333643	-0.00276007270440459
1269	126.9	-2.96198871987872	-0.00276007270440459
1270	127	-2.81641064537689	-0.00147177116014063
1271	127.1	-2.21477382420562	-0.00147177116014063
1272	127.2	-1.89527504122816	-0.00147177116014063
1273	127.3	-1.70847131730989	-0.00147177116014063
1274	127.4	-1.53455060883425	-0.000183469615876675
1275	127.5	-1.41602686676197	-0.000183469615876675
1276	127.6	-1.35676499572583	-0.000183469615876675
1277	127.7	-1.29621482314542	-0.000183469615876675
1278	127.8	-1.03984281583689	-0.000183469615876675
1279	127.9	-0.793777220882475	0.00110483192838728
1280	128	-0.507774278055876	0.00110483192838728
1281	128.1	-0.448512407019734	0.00110483192838728
1282	128.2	-0.299069427885115	0.00110483192838728
1283	128.3	-0.2745916985441	0.00239313347265124
1284	128.4	-0.220483033685014	0.00110483192838728
1285	128.5	-0.181833987357095	0.00239313347265124
1286	128.6	-0.210176621330902	0.00239313347265124
1287	128.7	-0.156067956471816	0.00239313347265124
1288	128.8	-0.0787698638159782	0.0036814350169152
1289	128.9	-0.085211371537298	0.0036814350169152
1290	129	-0.0633102452848107	0.00496973656117916
1291	129.1	-0.20631171669811	0.00496973656117916
1292	129.2	-0.28103320626542	0.00496973656117916
1293	129.3	-0.358331298921257	0.00496973656117916
1294	129.4	-0.581207466078922	0.00496973656117916
1295	129.5	-0.746110063744709	0.00496973656117916
1296	129.6	-0.936778692295775	0.00625803810544312
1297	129.7	-1.18542089033872	0.00754633964970708
1298	129.8	-1.78834601305425	0.00754633964970708
1299	129.9	-2.12716931919567	0.00754633964970708
1300	130	-2.54586732108146	0.00754633964970708
1301	130.1	-2.90015024575405	0.00754633964970708
1302	130.2	-3.19388299784623	0.00883464119397104
1303	130.3	-3.80582623137161	0.00883464119397104
1304	130.4	-4.29409251664765	0.010122942738235
1305	130.5	-4.59426677646115	0.011411244282499
1306	130.6	-4.77205238956958	0.010122942738235
1307	130.7	-4.98719874746166	0.011411244282499
1308	130.8	-5.09541607717983	0.011411244282499
1309	130.9	-5.02327119070105	0.011411244282499
1310	131	-4.86867500538938	0.0126995458267629
1311	131.1	-4.90603575017303	0.0126995458267629
1312	131.2	-4.61874450580217	0.0139878473710269
1313	131.3	-4.21808272553608	0.0139878473710269
1314	131.4	-3.86379980086349	0.0152761489152908
1315	131.5	-3.51595838391222	0.0139878473710269
1316	131.6	-2.84346497780643	0.0152761489152908
1317	131.7	-2.32556775701232	0.0165644504595548
1318	131.8	-1.7007415080443	0.0165644504595548
1319	131.9	-1.14806014555506	0.0178527520038188
1320	132	-0.760281380731612	0.0178527520038188
1321	132.1	-0.609550100052729	0.0178527520038188
1322	132.2	-0.452377311652526	0.0178527520038188
1323	132.3	-0.363484505098313	0.0191410535480827
1324	132.4	-0.252690572291613	0.0191410535480827
1325	132.5	-0.170239273458719	0.0204293550923467
1326	132.6	-0.0504272298421711	0.0204293550923467
1327	132.7	-0.0787698638159782	0.0204293550923467
1328	132.8	-0.053003832930699	0.0217176566366106
1329	132.9	-0.143184941029176	0.0217176566366106
1330	133	-0.251402270747349	0.0217176566366106
1331	133.1	-0.301646030973643	0.0217176566366106
1332	133.2	-0.297781126340851	0.0230059581808746
1333	133.3	-0.408575059147552	0.0230059581808746
1334	133.4	-0.644334241747856	0.0230059581808746
1335	133.5	-0.795065522426739	0.0242942597251385
1336	133.6	-1.2756019984372	0.0242942597251385
1337	133.7	-1.49847816559486	0.0255825612694025
1338	133.8	-1.61829020921141	0.0255825612694025
1339	133.9	-1.63246152619831	0.0255825612694025
1340	134	-2.27661229833029	0.0255825612694025
1341	134.1	-2.85763629479334	0.0268708628136665
1342	134.2	-3.25056826579385	0.0268708628136665
1343	134.3	-3.66411306150258	0.0281591643579304
1344	134.4	-4.05704503250308	0.0281591643579304
1345	134.5	-4.18716348847374	0.0281591643579304
1346	134.6	-4.14336123596877	0.0294474659021944
1347	134.7	-4.06863974640146	0.0294474659021944
1348	134.8	-4.08667596802115	0.0294474659021944
1349	134.9	-4.01066617690958	0.0307357674464583
1350	135	-3.70018550474197	0.0320240689907223
1351	135.1	-3.34074937389232	0.0320240689907223
1352	135.2	-2.45439791143872	0.0320240689907223
1353	135.3	-2.04342971881852	0.0333123705349863
1354	135.4	-1.9261942782905	0.0333123705349863
1355	135.5	-1.66982227098197	0.0333123705349863
1356	135.6	-1.39283743896522	0.0346006720792502
1357	135.7	-1.29106161696836	0.0346006720792502
1358	135.8	-1.09781638532877	0.0346006720792502
1359	135.9	-1.01150018186308	0.0358889736235142
1360	136	-0.931625486118719	0.0358889736235142
1361	136.1	-0.739668556023389	0.0358889736235142
1362	136.2	-0.659793860279024	0.0358889736235142
1363	136.3	-0.630162924760953	0.0371772751677781
1364	136.4	-0.390538837527856	0.0371772751677781
1365	136.5	-0.314529046416283	0.0371772751677781
1366	136.6	-0.237230953760445	0.0384655767120421
1367	136.7	-0.113554005511105	0.0384655767120421
1368	136.8	-0.0581570391077548	0.0397538782563061
1369	136.9	-0.0581570391077548	0.0397538782563061
1370	137	-0.214041525963694	0.04104217980057
1371	137.1	-0.32998866494745	0.04104217980057
1372	137.2	-0.496179564157501	0.042330481344834
1373	137.3	-0.903282852144912	0.0436187828890979
1374	137.4	-1.51651438721456	0.0449070844333619
1375	137.5	-1.80509393312968	0.0461953859776258
1376	137.6	-1.90042824740522	0.0461953859776258
1377	137.7	-2.19673760258593	0.0474836875218898
1378	137.8	-2.12072781147435	0.0474836875218898
1379	137.9	-2.09882668522187	0.0487719890661538
1380	138	-1.8939867396839	0.0500602906104177
1381	138.1	-1.51522608567029	0.0500602906104177
1382	138.2	-0.945796803105623	0.0513485921546817
1383	138.3	-0.518080690409988	0.0526368936989456
1384	138.4	-0.251402270747349	0.0552134967874736
1385	138.5	-0.166374368825927	0.0552134967874736
1386	138.6	-0.140608337940648	0.0552134967874736
1387	138.7	-0.0955177838914096	0.0565017983317375
1388	138.8	-0.051715531386435	0.0565017983317375
1389	138.9	-0.0388325159437954	0.0565017983317375
1390	139	-0.0749049591831863	0.0577900998760015
1391	139.1	-0.127725322498009	0.0577900998760015
1392	139.2	-0.109689100878313	0.0577900998760015
1393	139.3	-0.139320036396384	0.0590784014202654
1394	139.4	-0.145761544117704	0.0590784014202654
1395	139.5	-0.175392479635775	0.0603667029645294
1396	139.6	-0.229501144494861	0.0603667029645294
1397	139.7	-0.317105649504811	0.0616550045087934
1398	139.8	-0.435629391577095	0.0629433060530573
1399	139.9	-0.479431644082069	0.0629433060530573
1400	140	-0.492314659524709	0.0629433060530573
1401	140.1	-0.539981816662475	0.0642316075973213
1402	140.2	-0.551576530560851	0.0642316075973213
1403	140.3	-0.561882942914963	0.0642316075973213
1404	140.4	-0.673965177265927	0.0655199091415852
1405	140.5	-0.695866303518414	0.0668082106858492
1406	140.6	-0.729362143669277	0.0668082106858492
1407	140.7	-0.695866303518414	0.0680965122301131
1408	140.8	-0.601820290787145	0.0680965122301131
1409	140.9	-0.558018038282171	0.0693848137743771
1410	141	-0.476855040993541	0.0693848137743771
1411	141.1	-0.396980345249176	0.0693848137743771
1412	141.2	-0.272015095455572	0.0706731153186411
1413	141.3	-0.180545685812831	0.0706731153186411
1414	141.4	-0.154779654927552	0.0706731153186411
1415	141.5	-0.132878528675064	0.071961416862905
1416	141.6	-0.101959291612729	0.071961416862905
1417	141.7	-0.0761932607274503	0.073249718407169
1418	141.8	-0.0736166576389223	0.073249718407169
1419	141.9	-0.0736166576389223	0.0745380199514329
1420	142	-0.0542921344749629	0.0745380199514329
1421	142.1	-0.0439857221208513	0.0745380199514329
1422	142.2	-0.0388325159437954	0.0758263214956969
1423	142.3	-0.0465623252093792	0.0758263214956969
1424	142.4	-0.0542921344749629	0.0758263214956969
1425	142.5	-0.0800581653602421	0.0771146230399609
1426	142.6	-0.0594453406520188	0.0771146230399609
1427	142.7	-0.0697517530061305	0.0784029245842248
1428	142.8	-0.0813464669045061	0.0796912261284888
1429	142.9	-0.0942294823471457	0.0796912261284888
1430	143	-0.134166830219328	0.0796912261284888
1431	143.1	-0.167662670370191	0.0809795276727527
1432	143.2	-0.235942652216181	0.0809795276727527
1433	143.3	-0.269438492367044	0.0809795276727527
1434	143.4	-0.28103320626542	0.0822678292170167
1435	143.5	-0.310664141783491	0.0835561307612807
1436	143.6	-0.359619600465521	0.0835561307612807
1437	143.7	-0.427899582311511	0.0848444323055446
1438	143.8	-0.436917693121359	0.0848444323055446
1439	143.9	-0.438205994665623	0.0848444323055446
1440	144	-0.449800708563998	0.0848444323055446
1441	144.1	-0.442070899298415	0.0848444323055446
1442	144.2	-0.39182713907212	0.0861327338498086
1443	144.3	-0.350601489655674	0.0874210353940725
1444	144.4	-0.291339618619531	0.0874210353940725
1445	144.5	-0.194717002799734	0.0887093369383365
1446	144.6	-0.0955177838914096	0.0899976384826005
1447	144.7	-0.0620219437405467	0.0899976384826005
1448	144.8	-0.0465623252093792	0.0899976384826005
1449	144.9	-0.0414091190323234	0.0912859400268644
1450	145	-0.0504272298421711	0.0925742415711284
1451	145.1	-0.0491389282979071	0.0925742415711284
1452	145.2	-0.0452740236651152	0.0925742415711284
1453	145.3	-0.0414091190323234	0.0925742415711284
1454	145.4	-0.0478506267536432	0.0925742415711284
1455	145.5	-0.0465623252093792	0.0938625431153923
1456	145.6	-0.0710400545503944	0.0951508446596563
1457	145.7	-0.0671751499176025	0.0951508446596563
1458	145.8	-0.0594453406520188	0.0964391462039202
1459	145.9	-0.0916528792586178	0.0964391462039202
1460	146	-0.125148719409481	0.0977274477481842
1461	146.1	-0.181833987357095	0.0977274477481842
1462	146.2	-0.237230953760445	0.0990157492924482
1463	146.3	-0.265573587734252	0.0977274477481842
1464	146.4	-0.318393951049075	0.0977274477481842
1465	146.5	-0.328700363403186	0.0990157492924482
1466	146.6	-0.353178092744201	0.0990157492924482
1467	146.7	-0.377655822085217	0.0990157492924482
1468	146.8	-0.45366561319679	0.100304050836712
1469	146.9	-0.492314659524709	0.101592352380976
1470	147	-0.511639182688668	0.101592352380976
1471	147.1	-0.552864832105115	0.101592352380976
1472	147.2	-0.588937275344506	0.10288065392524
1473	147.3	-0.594090481521562	0.10288065392524
1474	147.4	-0.605685195419937	0.10288065392524
1475	147.5	-0.627586321672425	0.10288065392524
1476	147.6	-0.618568210862577	0.10288065392524
1477	147.7	-0.585072370711714	0.104168955469504
1478	147.8	-0.483296548714861	0.104168955469504
1479	147.9	-0.417593169957399	0.104168955469504
1480	148	-0.358331298921257	0.105457257013768
1481	148.1	-0.305510935606435	0.105457257013768
1482	148.2	-0.273303396999836	0.105457257013768
1483	148.3	-0.232077747583389	0.106745558558032
1484	148.4	-0.19987020897679	0.106745558558032
1485	148.5	-0.185698891989887	0.106745558558032
1486	148.6	-0.140608337940648	0.106745558558032
1487	148.7	-0.116130608599633	0.106745558558032
1488	148.8	-0.0774815622717142	0.106745558558032
1489	148.9	-0.0465623252093792	0.108033860102296
1490	149	-0.0504272298421711	0.10932216164656
1491	149.1	-0.0426974205765873	0.10932216164656
1492	149.2	-0.0452740236651152	0.110610463190824
1493	149.3	-0.0388325159437954	0.111898764735088
1494	149.4	-0.0491389282979071	0.113187066279352
1495	149.5	-0.0542921344749629	0.113187066279352
1496	149.6	-0.0439857221208513	0.113187066279352
1497	149.7	-0.0658868483733386	0.114475367823616
1498	149.8	-0.0864996730815619	0.114475367823616
1499	149.9	-0.134166830219328	0.11576366936788
1500	150	-0.216618129052222	0.11576366936788
1501	150.1	-0.26170868310146	0.117051970912144
1502	150.2	-0.278456603176892	0.117051970912144
1503	150.3	-0.275880000088364	0.117051970912144
1504	150.4	-0.284898110898212	0.117051970912144
1505	150.5	-0.339006775757298	0.117051970912144
1506	150.6	-0.371214314363897	0.118340272456408
1507	150.7	-0.416304868413135	0.118340272456408
1508	150.8	-0.44722410547547	0.119628574000672
1509	150.9	-0.449800708563998	0.119628574000672
1510	151	-0.462683724006638	0.119628574000672
1511	151.1	-0.463972025550902	0.120916875544935
1512	151.2	-0.421458074590191	0.120916875544935
1513	151.3	-0.354466394288465	0.122205177089199
1514	151.4	-0.301646030973643	0.122205177089199
1515	151.5	-0.253978873835877	0.122205177089199
1516	151.6	-0.198581907432526	0.123493478633463
1517	151.7	-0.130301925586537	0.123493478633463
1518	151.8	-0.0736166576389223	0.124781780177727
1519	151.9	-0.051715531386435	0.124781780177727
1520	152	-0.0452740236651152	0.124781780177727
1521	152.1	-0.0439857221208513	0.124781780177727
1522	152.2	-0.0426974205765873	0.124781780177727
1523	152.3	-0.0439857221208513	0.126070081721991
1524	152.4	-0.0426974205765873	0.127358383266255
1525	152.5	-0.0414091190323234	0.127358383266255
1526	152.6	-0.0311027066782117	0.127358383266255
1527	152.7	-0.0311027066782117	0.128646684810519
1528	152.8	-0.0298144051339477	0.128646684810519
1529	152.9	-0.0401208174880594	0.129934986354783
1530	153	-0.0504272298421711	0.131223287899047
1531	153.1	-0.0813464669045061	0.132511589443311
1532	153.2	-0.0903645777143538	0.132511589443311
1533	153.3	-0.0942294823471457	0.133799890987575
1534	153.4	-0.0955177838914096	0.133799890987575
1535	153.5	-0.0980943869799376	0.133799890987575
1536	153.6	-0.117418910143897	0.135088192531839
1537	153.7	-0.119995513232425	0.135088192531839
1538	153.8	-0.126437020953745	0.136376494076103
1539	153.9	-0.121283814776689	0.136376494076103
1540	154	-0.105824196245521	0.137664795620367
1541	154.1	-0.0864996730815619	0.138953097164631
1542	154.2	-0.0710400545503944	0.138953097164631
1543	154.3	-0.0620219437405467	0.138953097164631
1544	154.4	-0.051715531386435	0.138953097164631
1545	154.5	-0.0452740236651152	0.140241398708895
1546	154.6	-0.0362559128552675	0.141529700253159
1547	154.7	-0.0285261035896838	0.141529700253159
1548	154.8	-0.0298144051339477	0.142818001797423
1549	154.9	-0.0298144051339477	0.142818001797423
1550	155	-0.0285261035896838	0.142818001797423
1551	155.1	-0.0272378020454198	0.142818001797423
1552	155.2	-0.0311027066782117	0.144106303341687
1553	155.3	-0.0323910082224756	0.144106303341687
1554	155.4	-0.0272378020454198	0.144106303341687
1555	155.5	-0.0259495005011559	0.145394604885951
1556	155.6	-0.0272378020454198	0.145394604885951
1557	155.7	-0.0272378020454198	0.145394604885951
1558	155.8	-0.0259495005011559	0.145394604885951
1559	155.9	-0.0272378020454198	0.145394604885951
1560	156	-0.0311027066782117	0.145394604885951
1561	156.1	-0.0323910082224756	0.146682906430215
1562	156.2	-0.0311027066782117	0.146682906430215
1563	156.3	-0.0375442143995315	0.147971207974479
1564	156.4	-0.0388325159437954	0.147971207974479
1565	156.5	-0.0349676113110036	0.147971207974479
1566	156.6	-0.0311027066782117	0.147971207974479
1567	156.7	-0.0311027066782117	0.149259509518743
1568	156.8	-0.0362559128552675	0.149259509518743
1569	156.9	-0.0439857221208513	0.149259509518743
1570	157	-0.0452740236651152	0.149259509518743
1571	157.1	-0.0504272298421711	0.150547811063007
1572	157.2	-0.0542921344749629	0.150547811063007
1573	157.3	-0.0542921344749629	0.150547811063007
1574	157.4	-0.053003832930699	0.15183611260727
1575	157.5	-0.053003832930699	0.15183611260727
1576	157.6	-0.0491389282979071	0.15183611260727
1577	157.7	-0.0504272298421711	0.153124414151534
1578	157.8	-0.053003832930699	0.153124414151534
1579	157.9	-0.0465623252093792	0.153124414151534
1580	158	-0.0401208174880594	0.154412715695798
1581	158.1	-0.0375442143995315	0.154412715695798
1582	158.2	-0.0349676113110036	0.155701017240062
1583	158.3	-0.0272378020454198	0.156989318784326
1584	158.4	-0.0259495005011559	0.15827762032859
1585	158.5	-0.0246611989568919	0.15827762032859
1586	158.6	-0.0246611989568919	0.159565921872854
1587	158.7	-0.0272378020454198	0.159565921872854
1588	158.8	-0.0285261035896838	0.160854223417118
1589	158.9	-0.0272378020454198	0.162142524961382
1590	159	-0.0375442143995315	0.163430826505646
1591	159.1	-0.0388325159437954	0.163430826505646
1592	159.2	-0.0439857221208513	0.163430826505646
1593	159.3	-0.0491389282979071	0.16471912804991
1594	159.4	-0.0607336421962827	0.166007429594174
1595	159.5	-0.0633102452848107	0.166007429594174
1596	159.6	-0.0658868483733386	0.167295731138438
1597	159.7	-0.0658868483733386	0.167295731138438
1598	159.8	-0.0723283560946584	0.167295731138438
1599	159.9	-0.0787698638159782	0.167295731138438
1600	160	-0.0993826885242015	0.168584032682702
1601	160.1	-0.108400799334049	0.168584032682702
1602	160.2	-0.123860417865217	0.168584032682702
1603	160.3	-0.130301925586537	0.169872334226966
1604	160.4	-0.148338147206232	0.169872334226966
1605	160.5	-0.148338147206232	0.17116063577123
1606	160.6	-0.143184941029176	0.17116063577123
1607	160.7	-0.143184941029176	0.17116063577123
1608	160.8	-0.141896639484912	0.172448937315494
1609	160.9	-0.136743433307856	0.172448937315494
1610	161	-0.130301925586537	0.173737238859758
1611	161.1	-0.107112497789785	0.175025540404022
1612	161.2	-0.0749049591831863	0.175025540404022
1613	161.3	-0.0491389282979071	0.176313841948286
1614	161.4	-0.0336793097667396	0.17760214349255
1615	161.5	-0.0323910082224756	0.17760214349255
1616	161.6	-0.0311027066782117	0.17760214349255
1617	161.7	-0.0259495005011559	0.17760214349255
1618	161.8	-0.0246611989568919	0.178890445036814
1619	161.9	-0.0285261035896838	0.178890445036814
1620	162	-0.0246611989568919	0.180178746581078
1621	162.1	-0.0285261035896838	0.181467048125342
1622	162.2	-0.0375442143995315	0.181467048125342
1623	162.3	-0.0439857221208513	0.182755349669605
1624	162.4	-0.0478506267536432	0.182755349669605
1625	162.5	-0.0555804360192269	0.182755349669605
1626	162.6	-0.0684634514618665	0.182755349669605
1627	162.7	-0.0761932607274503	0.182755349669605
1628	162.8	-0.0749049591831863	0.184043651213869
1629	162.9	-0.0903645777143538	0.185331952758133
1630	163	-0.105824196245521	0.186620254302397
1631	163.1	-0.117418910143897	0.187908555846661
1632	163.2	-0.135455131763592	0.186620254302397
1633	163.3	-0.14447324257344	0.187908555846661
1634	163.4	-0.143184941029176	0.189196857390925
1635	163.5	-0.13803173485212	0.189196857390925
1636	163.6	-0.135455131763592	0.190485158935189
1637	163.7	-0.135455131763592	0.190485158935189
1638	163.8	-0.1315902271308	0.190485158935189
1639	163.9	-0.121283814776689	0.191773460479453
1640	164	-0.105824196245521	0.191773460479453
1641	164.1	-0.0813464669045061	0.191773460479453
1642	164.2	-0.0633102452848107	0.193061762023717
1643	164.3	-0.0607336421962827	0.194350063567981
1644	164.4	-0.0504272298421711	0.195638365112245
1645	164.5	-0.0336793097667396	0.195638365112245
1646	164.6	-0.0298144051339477	0.196926666656509
1647	164.7	-0.0259495005011559	0.196926666656509
1648	164.8	-0.022084595868364	0.198214968200773
1649	164.9	-0.0246611989568919	0.199503269745037
1650	165	-0.0233728974126279	0.199503269745037
1651	165.1	-0.022084595868364	0.199503269745037
1652	165.2	-0.0233728974126279	0.200791571289301
1653	165.3	-0.0259495005011559	0.202079872833565
1654	165.4	-0.0298144051339477	0.202079872833565
1655	165.5	-0.0272378020454198	0.203368174377829
1656	165.6	-0.0311027066782117	0.204656475922093
1657	165.7	-0.0323910082224756	0.205944777466357
1658	165.8	-0.0298144051339477	0.205944777466357
1659	165.9	-0.0311027066782117	0.205944777466357
1660	166	-0.0323910082224756	0.205944777466357
1661	166.1	-0.0349676113110036	0.207233079010621
1662	166.2	-0.0362559128552675	0.207233079010621
1663	166.3	-0.0388325159437954	0.207233079010621
1664	166.4	-0.0439857221208513	0.208521380554885
1665	166.5	-0.0465623252093792	0.208521380554885
1666	166.6	-0.0465623252093792	0.208521380554885
1667	166.7	-0.0465623252093792	0.209809682099149
1668	166.8	-0.0439857221208513	0.211097983643413
1669	166.9	-0.0439857221208513	0.209809682099149
1670	167	-0.0426974205765873	0.211097983643413
1671	167.1	-0.0375442143995315	0.211097983643413
1672	167.2	-0.0349676113110036	0.212386285187677
1673	167.3	-0.0298144051339477	0.212386285187677
1674	167.4	-0.0311027066782117	0.213674586731941
1675	167.5	-0.0311027066782117	0.213674586731941
1676	167.6	-0.0311027066782117	0.214962888276204
1677	167.7	-0.0285261035896838	0.214962888276204
1678	167.8	-0.0246611989568919	0.216251189820468
1679	167.9	-0.0259495005011559	0.216251189820468
1680	168	-0.0233728974126279	0.217539491364732
1681	168.1	-0.022084595868364	0.217539491364732
1682	168.2	-0.0233728974126279	0.218827792908996
1683	168.3	-0.022084595868364	0.218827792908996
1684	168.4	-0.022084595868364	0.218827792908996
1685	168.5	-0.0233728974126279	0.22011609445326
1686	168.6	-0.022084595868364	0.22011609445326
1687	168.7	-0.0233728974126279	0.221404395997524
1688	168.8	-0.0233728974126279	0.222692697541788
1689	168.9	-0.0233728974126279	0.223980999086052
1690	169	-0.0233728974126279	0.223980999086052
1691	169.1	-0.0259495005011559	0.225269300630316
1692	169.2	-0.0272378020454198	0.22655760217458
1693	169.3	-0.0259495005011559	0.22655760217458
1694	169.4	-0.0259495005011559	0.227845903718844
1695	169.5	-0.0259495005011559	0.227845903718844
1696	169.6	-0.0233728974126279	0.229134205263108
1697	169.7	-0.0259495005011559	0.229134205263108
1698	169.8	-0.0259495005011559	0.229134205263108
1699	169.9	-0.0246611989568919	0.230422506807372
1700	170	-0.0259495005011559	0.231710808351636
1701	170.1	-0.0272378020454198	0.231710808351636
1702	170.2	-0.0285261035896838	0.2329991098959
1703	170.3	-0.0285261035896838	0.2329991098959
1704	170.4	-0.0259495005011559	0.234287411440164
1705	170.5	-0.0246611989568919	0.235575712984428
1706	170.6	-0.0233728974126279	0.235575712984428
1707	170.7	-0.0246611989568919	0.236864014528692
1708	170.8	-0.0259495005011559	0.236864014528692
1709	170.9	-0.0246611989568919	0.238152316072956
1710	171	-0.0233728974126279	0.23944061761722
1711	171.1	-0.0246611989568919	0.23944061761722
1712	171.2	-0.0233728974126279	0.240728919161484
1713	171.3	-0.0246611989568919	0.242017220705748
1714	171.4	-0.0285261035896838	0.242017220705748
1715	171.5	-0.0272378020454198	0.243305522250012
1716	171.6	-0.0311027066782117	0.244593823794276
1717	171.7	-0.0349676113110036	0.245882125338539
1718	171.8	-0.0375442143995315	0.245882125338539
1719	171.9	-0.0401208174880594	0.245882125338539
1720	172	-0.0426974205765873	0.245882125338539
1721	172.1	-0.0414091190323234	0.245882125338539
1722	172.2	-0.0439857221208513	0.247170426882803
1723	172.3	-0.0465623252093792	0.247170426882803
1724	172.4	-0.0504272298421711	0.248458728427067
1725	172.5	-0.0542921344749629	0.251035331515595
1726	172.6	-0.0542921344749629	0.249747029971331
1727	172.7	-0.0542921344749629	0.252323633059859
1728	172.8	-0.0504272298421711	0.252323633059859
1729	172.9	-0.0349676113110036	0.253611934604123
1730	173	-0.0246611989568919	0.254900236148387
1731	173.1	-0.0272378020454198	0.256188537692651
1732	173.2	-0.0246611989568919	0.257476839236915
1733	173.3	-0.0233728974126279	0.260053442325443
1734	173.4	-0.0233728974126279	0.260053442325443
1735	173.5	-0.0259495005011559	0.261341743869707
1736	173.6	-0.0285261035896838	0.261341743869707
1737	173.7	-0.0323910082224756	0.262630045413971
1738	173.8	-0.0349676113110036	0.262630045413971
1739	173.9	-0.0349676113110036	0.263918346958235
1740	174	-0.0388325159437954	0.263918346958235
1741	174.1	-0.0414091190323234	0.265206648502499
1742	174.2	-0.0414091190323234	0.265206648502499
1743	174.3	-0.0465623252093792	0.265206648502499
1744	174.4	-0.0478506267536432	0.266494950046763
1745	174.5	-0.051715531386435	0.267783251591027
1746	174.6	-0.0581570391077548	0.267783251591027
1747	174.7	-0.0581570391077548	0.267783251591027
1748	174.8	-0.0555804360192269	0.270359854679555
1749	174.9	-0.0555804360192269	0.270359854679555
1750	175	-0.0555804360192269	0.270359854679555
1751	175.1	-0.051715531386435	0.271648156223819
1752	175.2	-0.0401208174880594	0.272936457768083
1753	175.3	-0.0298144051339477	0.272936457768083
1754	175.4	-0.0259495005011559	0.274224759312347
1755	175.5	-0.0272378020454198	0.275513060856611
1756	175.6	-0.0259495005011559	0.275513060856611
1757	175.7	-0.0272378020454198	0.278089663945138
1758	175.8	-0.0259495005011559	0.276801362400874
1759	175.9	-0.0259495005011559	0.278089663945138
1760	176	-0.0259495005011559	0.278089663945138
1761	176.1	-0.0246611989568919	0.279377965489402
1762	176.2	-0.0259495005011559	0.280666267033666
1763	176.3	-0.0285261035896838	0.280666267033666
1764	176.4	-0.0285261035896838	0.28195456857793
1765	176.5	-0.0298144051339477	0.28195456857793
1766	176.6	-0.0298144051339477	0.28195456857793
1767	176.7	-0.0298144051339477	0.283242870122194
1768	176.8	-0.0311027066782117	0.284531171666458
1769	176.9	-0.0323910082224756	0.284531171666458
1770	177	-0.0323910082224756	0.285819473210722
1771	177.1	-0.0336793097667396	0.285819473210722
1772	177.2	-0.0336793097667396	0.287107774754986
1773	177.3	-0.0349676113110036	0.287107774754986
1774	177.4	-0.0349676113110036	0.287107774754986
1775	177.5	-0.0336793097667396	0.287107774754986
1776	177.6	-0.0349676113110036	0.28839607629925
1777	177.7	-0.0349676113110036	0.289684377843514
1778	177.8	-0.0349676113110036	0.290972679387778
1779	177.9	-0.0323910082224756	0.290972679387778
1780	178	-0.0285261035896838	0.292260980932042
1781	178.1	-0.0272378020454198	0.293549282476306
1782	178.2	-0.0272378020454198	0.29483758402057
1783	178.3	-0.0259495005011559	0.29483758402057
1784	178.4	-0.0272378020454198	0.29483758402057
1785	178.5	-0.0272378020454198	0.296125885564834
1786	178.6	-0.0259495005011559	0.297414187109098
1787	178.7	-0.0272378020454198	0.297414187109098
1788	178.8	-0.0285261035896838	0.297414187109098
1789	178.9	-0.0259495005011559	0.299990790197626
1790	179	-0.0259495005011559	0.299990790197626
1791	179.1	-0.0272378020454198	0.30127909174189
1792	179.2	-0.0272378020454198	0.302567393286154
1793	179.3	-0.0272378020454198	0.302567393286154
1794	179.4	-0.0272378020454198	0.302567393286154
1795	179.5	-0.0285261035896838	0.302567393286154
1796	179.6	-0.0272378020454198	0.303855694830418
1797	179.7	-0.0272378020454198	0.303855694830418
1798	179.8	-0.0285261035896838	0.305143996374682
1799	179.9	-0.0298144051339477	0.306432297918946
1800	180	-0.0311027066782117	0.30772059946321
1801	180.1	-0.0298144051339477	0.30772059946321
1802	180.2	-0.0298144051339477	0.309008901007473
1803	180.3	-0.0311027066782117	0.309008901007473
1804	180.4	-0.0285261035896838	0.310297202551737
1805	180.5	-0.0285261035896838	0.311585504096001
1806	180.6	-0.0272378020454198	0.312873805640265
1807	180.7	-0.0285261035896838	0.312873805640265
1808	180.8	-0.0272378020454198	0.312873805640265
1809	180.9	-0.0259495005011559	0.315450408728793
1810	181	-0.0259495005011559	0.315450408728793
1811	181.1	-0.0259495005011559	0.316738710273057
1812	181.2	-0.0272378020454198	0.316738710273057
1813	181.3	-0.0298144051339477	0.318027011817321
1814	181.4	-0.0285261035896838	0.318027011817321
1815	181.5	-0.0285261035896838	0.319315313361585
1816	181.6	-0.0285261035896838	0.319315313361585
1817	181.7	-0.0272378020454198	0.320603614905849
1818	181.8	-0.0272378020454198	0.321891916450113
1819	181.9	-0.0298144051339477	0.321891916450113
1820	182	-0.0323910082224756	0.323180217994377
1821	182.1	-0.0323910082224756	0.324468519538641
1822	182.2	-0.0349676113110036	0.325756821082905
1823	182.3	-0.0362559128552675	0.325756821082905
1824	182.4	-0.0362559128552675	0.327045122627169
1825	182.5	-0.0388325159437954	0.327045122627169
1826	182.6	-0.0401208174880594	0.328333424171433
1827	182.7	-0.0375442143995315	0.328333424171433
1828	182.8	-0.0362559128552675	0.329621725715697
1829	182.9	-0.0323910082224756	0.329621725715697
1830	183	-0.0311027066782117	0.330910027259961
1831	183.1	-0.0311027066782117	0.330910027259961
1832	183.2	-0.0285261035896838	0.332198328804225
1833	183.3	-0.0272378020454198	0.332198328804225
1834	183.4	-0.0259495005011559	0.333486630348489
1835	183.5	-0.0272378020454198	0.334774931892753
1836	183.6	-0.0272378020454198	0.336063233437017
1837	183.7	-0.0272378020454198	0.336063233437017
1838	183.8	-0.0272378020454198	0.337351534981281
1839	183.9	-0.0259495005011559	0.338639836525545
1840	184	-0.0285261035896838	0.338639836525545
1841	184.1	-0.0285261035896838	0.338639836525545
1842	184.2	-0.0272378020454198	0.339928138069808
1843	184.3	-0.0285261035896838	0.341216439614072
1844	184.4	-0.0311027066782117	0.341216439614072
1845	184.5	-0.0336793097667396	0.341216439614072
1846	184.6	-0.0311027066782117	0.342504741158336
1847	184.7	-0.0336793097667396	0.342504741158336
1848	184.8	-0.0388325159437954	0.3437930427026
1849	184.9	-0.0401208174880594	0.345081344246864
1850	185	-0.0388325159437954	0.345081344246864
1851	185.1	-0.0375442143995315	0.346369645791128
1852	185.2	-0.0336793097667396	0.346369645791128
1853	185.3	-0.0311027066782117	0.347657947335392
1854	185.4	-0.0298144051339477	0.348946248879656
1855	185.5	-0.0272378020454198	0.35023455042392
1856	185.6	-0.0246611989568919	0.351522851968184
1857	185.7	-0.0259495005011559	0.351522851968184
1858	185.8	-0.0259495005011559	0.351522851968184
1859	185.9	-0.0246611989568919	0.352811153512448
1860	186	-0.0246611989568919	0.352811153512448
1861	186.1	-0.0246611989568919	0.352811153512448
1862	186.2	-0.0246611989568919	0.354099455056712
1863	186.3	-0.0259495005011559	0.354099455056712
1864	186.4	-0.0246611989568919	0.354099455056712
1865	186.5	-0.0272378020454198	0.355387756600976
1866	186.6	-0.0259495005011559	0.35667605814524
1867	186.7	-0.0259495005011559	0.35667605814524
1868	186.8	-0.0259495005011559	0.357964359689504
1869	186.9	-0.0259495005011559	0.357964359689504
1870	187	-0.0259495005011559	0.359252661233768
1871	187.1	-0.0272378020454198	0.359252661233768
1872	187.2	-0.0259495005011559	0.359252661233768
1873	187.3	-0.0259495005011559	0.360540962778032
1874	187.4	-0.0272378020454198	0.361829264322296
1875	187.5	-0.0272378020454198	0.36311756586656
1876	187.6	-0.0272378020454198	0.36311756586656
1877	187.7	-0.0259495005011559	0.36311756586656
1878	187.8	-0.0259495005011559	0.364405867410824
1879	187.9	-0.0246611989568919	0.364405867410824
1880	188	-0.0272378020454198	0.365694168955088
1881	188.1	-0.0259495005011559	0.365694168955088
1882	188.2	-0.0259495005011559	0.366982470499352
1883	188.3	-0.0233728974126279	0.368270772043616
1884	188.4	-0.0233728974126279	0.368270772043616
1885	188.5	-0.0246611989568919	0.368270772043616
1886	188.6	-0.0233728974126279	0.36955907358788
1887	188.7	-0.0233728974126279	0.370847375132143
1888	188.8	-0.0233728974126279	0.370847375132143
1889	188.9	-0.022084595868364	0.372135676676407
1890	189	-0.022084595868364	0.372135676676407
1891	189.1	-0.0233728974126279	0.374712279764935
1892	189.2	-0.0246611989568919	0.374712279764935
1893	189.3	-0.0246611989568919	0.376000581309199
1894	189.4	-0.0246611989568919	0.377288882853463
1895	189.5	-0.0233728974126279	0.378577184397727
1896	189.6	-0.0233728974126279	0.378577184397727
1897	189.7	-0.0233728974126279	0.379865485941991
1898	189.8	-0.0246611989568919	0.381153787486255
1899	189.9	-0.0233728974126279	0.382442089030519
1900	190	-0.0233728974126279	0.383730390574783
1901	190.1	-0.0233728974126279	0.385018692119047
1902	190.2	-0.0233728974126279	0.386306993663311
1903	190.3	-0.022084595868364	0.388883596751839
1904	190.4	-0.0207962943241	0.390171898296103
1905	190.5	-0.022084595868364	0.391460199840367
1906	190.6	-0.0233728974126279	0.392748501384631
1907	190.7	-0.0259495005011559	0.394036802928895
1908	190.8	-0.0272378020454198	0.396613406017423
1909	190.9	-0.0272378020454198	0.396613406017423
1910	191	-0.0285261035896838	0.397901707561687
1911	191.1	-0.0298144051339477	0.399190009105951
1912	191.2	-0.0285261035896838	0.400478310650215
1913	191.3	-0.0272378020454198	0.400478310650215
1914	191.4	-0.0246611989568919	0.403054913738742
1915	191.5	-0.022084595868364	0.404343215283006
1916	191.6	-0.022084595868364	0.40563151682727
1917	191.7	-0.022084595868364	0.406919818371534
1918	191.8	-0.022084595868364	0.408208119915798
1919	191.9	-0.022084595868364	0.409496421460062
1920	192	-0.022084595868364	0.409496421460062
1921	192.1	-0.0207962943241	0.410784723004326
1922	192.2	-0.0207962943241	0.410784723004326
1923	192.3	-0.0207962943241	0.413361326092854
1924	192.4	-0.0233728974126279	0.414649627637118
1925	192.5	-0.0246611989568919	0.414649627637118
1926	192.6	-0.0259495005011559	0.414649627637118
1927	192.7	-0.0233728974126279	0.415937929181382
1928	192.8	-0.0246611989568919	0.417226230725646
1929	192.9	-0.0259495005011559	0.41851453226991
1930	193	-0.0285261035896838	0.419802833814174
1931	193.1	-0.0259495005011559	0.419802833814174
1932	193.2	-0.0233728974126279	0.422379436902702
1933	193.3	-0.022084595868364	0.423667738446966
1934	193.4	-0.022084595868364	0.42495603999123
1935	193.5	-0.0207962943241	0.426244341535494
1936	193.6	-0.022084595868364	0.428820944624022
1937	193.7	-0.022084595868364	0.430109246168286
1938	193.8	-0.0207962943241	0.430109246168286
1939	193.9	-0.0207962943241	0.43139754771255
1940	194	-0.0207962943241	0.432685849256814
1941	194.1	-0.0233728974126279	0.433974150801077
1942	194.2	-0.0233728974126279	0.433974150801077
1943	194.3	-0.022084595868364	0.436550753889605
1944	194.4	-0.0233728974126279	0.437839055433869
1945	194.5	-0.0233728974126279	0.439127356978133
1946	194.6	-0.0246611989568919	0.440415658522397
1947	194.7	-0.0246611989568919	0.442992261610925
1948	194.8	-0.022084595868364	0.444280563155189
1949	194.9	-0.022084595868364	0.448145467787981
1950	195	-0.0207962943241	0.449433769332245
1951	195.1	-0.022084595868364	0.449433769332245
1952	195.2	-0.022084595868364	0.450722070876509
1953	195.3	-0.022084595868364	0.452010372420773
1954	195.4	-0.022084595868364	0.454586975509301
1955	195.5	-0.0233728974126279	0.454586975509301
1956	195.6	-0.0233728974126279	0.454586975509301
1957	195.7	-0.0233728974126279	0.454586975509301
1958	195.8	-0.0233728974126279	0.455875277053565
1959	195.9	-0.0246611989568919	0.455875277053565
1960	196	-0.0246611989568919	0.457163578597829
1961	196.1	-0.0246611989568919	0.457163578597829
1962	196.2	-0.0246611989568919	0.459740181686357
1963	196.3	-0.0246611989568919	0.459740181686357
1964	196.4	-0.0246611989568919	0.462316784774885
1965	196.5	-0.0233728974126279	0.463605086319149
1966	196.6	-0.022084595868364	0.464893387863412
1967	196.7	-0.022084595868364	0.466181689407676
1968	196.8	-0.022084595868364	0.468758292496204
1969	196.9	-0.0207962943241	0.470046594040468
1970	197	-0.022084595868364	0.471334895584732
1971	197.1	-0.0207962943241	0.471334895584732
1972	197.2	-0.0233728974126279	0.471334895584732
1973	197.3	-0.0233728974126279	0.472623197128996
1974	197.4	-0.022084595868364	0.47391149867326
1975	197.5	-0.0233728974126279	0.47391149867326
1976	197.6	-0.022084595868364	0.475199800217524
1977	197.7	-0.0233728974126279	0.475199800217524
1978	197.8	-0.0233728974126279	0.476488101761788
1979	197.9	-0.0233728974126279	0.477776403306052
1980	198	-0.0246611989568919	0.479064704850316
1981	198.1	-0.0259495005011559	0.479064704850316
1982	198.2	-0.0259495005011559	0.48035300639458
1983	198.3	-0.0259495005011559	0.48035300639458
1984	198.4	-0.0259495005011559	0.481641307938844
1985	198.5	-0.0259495005011559	0.482929609483108
1986	198.6	-0.0259495005011559	0.482929609483108
1987	198.7	-0.0246611989568919	0.485506212571636
1988	198.8	-0.0246611989568919	0.485506212571636
1989	198.9	-0.0233728974126279	0.4867945141159
1990	199	-0.0233728974126279	0.488082815660164
1991	199.1	-0.022084595868364	0.489371117204428
1992	199.2	-0.0233728974126279	0.490659418748692
1993	199.3	-0.0233728974126279	0.491947720292956
1994	199.4	-0.0246611989568919	0.49323602183722
1995	199.5	-0.0246611989568919	0.494524323381484
1996	199.6	-0.022084595868364	0.494524323381484
1997	199.7	-0.0233728974126279	0.494524323381484
1998	199.8	-0.0233728974126279	0.495812624925748
1999	199.9	-0.0233728974126279	0.498389228014275
2000	200	-0.0259495005011559	0.499677529558539
2001	200.1	-0.0246611989568919	0.500965831102803
2002	200.2	-0.0246611989568919	0.500965831102803
2003	200.3	-0.0259495005011559	0.502254132647067
2004	200.4	-0.0259495005011559	0.503542434191331
2005	200.5	-0.0259495005011559	0.504830735735595
2006	200.6	-0.0246611989568919	0.506119037279859
2007	200.7	-0.0233728974126279	0.507407338824123
2008	200.8	-0.0246611989568919	0.508695640368387
2009	200.9	-0.0233728974126279	0.511272243456915
2010	201	-0.0233728974126279	0.512560545001179
2011	201.1	-0.0233728974126279	0.513848846545443
2012	201.2	-0.0246611989568919	0.515137148089707
2013	201.3	-0.0233728974126279	0.516425449633971
2014	201.4	-0.0233728974126279	0.519002052722499
2015	201.5	-0.0246611989568919	0.520290354266763
2016	201.6	-0.0246611989568919	0.521578655811027
2017	201.7	-0.0246611989568919	0.522866957355291
2018	201.8	-0.0233728974126279	0.524155258899555
2019	201.9	-0.0233728974126279	0.525443560443819
2020	202	-0.0233728974126279	0.528020163532346
2021	202.1	-0.0246611989568919	0.528020163532346
2022	202.2	-0.0246611989568919	0.52930846507661
2023	202.3	-0.0233728974126279	0.531885068165138
2024	202.4	-0.0233728974126279	0.533173369709402
2025	202.5	-0.0233728974126279	0.533173369709402
2026	202.6	-0.0246611989568919	0.534461671253666
2027	202.7	-0.0233728974126279	0.53574997279793
2028	202.8	-0.0246611989568919	0.53574997279793
2029	202.9	-0.0246611989568919	0.537038274342194
2030	203	-0.0246611989568919	0.538326575886458
2031	203.1	-0.0233728974126279	0.538326575886458
2032	203.2	-0.0233728974126279	0.539614877430722
2033	203.3	-0.0233728974126279	0.540903178974986
2034	203.4	-0.0233728974126279	0.54219148051925
2035	203.5	-0.0246611989568919	0.543479782063514
2036	203.6	-0.0259495005011559	0.543479782063514
2037	203.7	-0.0259495005011559	0.544768083607778
2038	203.8	-0.0246611989568919	0.544768083607778
2039	203.9	-0.0246611989568919	0.544768083607778
2040	204	-0.0246611989568919	0.546056385152042
2041	204.1	-0.0246611989568919	0.547344686696306
2042	204.2	-0.0246611989568919	0.547344686696306
2043	204.3	-0.0233728974126279	0.54863298824057
2044	204.4	-0.0233728974126279	0.549921289784834
2045	204.5	-0.0246611989568919	0.549921289784834
2046	204.6	-0.0259495005011559	0.552497892873362
2047	204.7	-0.0246611989568919	0.552497892873362
2048	204.8	-0.0246611989568919	0.553786194417626
2049	204.9	-0.0246611989568919	0.55507449596189
2050	205	-0.0259495005011559	0.556362797506154
2051	205.1	-0.0259495005011559	0.557651099050418
2052	205.2	-0.0259495005011559	0.557651099050418
2053	205.3	-0.0259495005011559	0.558939400594682
2054	205.4	-0.0259495005011559	0.560227702138945
2055	205.5	-0.0259495005011559	0.561516003683209
2056	205.6	-0.0259495005011559	0.562804305227473
2057	205.7	-0.0272378020454198	0.562804305227473
2058	205.8	-0.0259495005011559	0.564092606771737
2059	205.9	-0.0259495005011559	0.565380908316001
2060	206	-0.0259495005011559	0.566669209860265
2061	206.1	-0.0272378020454198	0.567957511404529
2062	206.2	-0.0246611989568919	0.567957511404529
2063	206.3	-0.0246611989568919	0.570534114493057
2064	206.4	-0.0259495005011559	0.573110717581585
2065	206.5	-0.0259495005011559	0.575687320670113
2066	206.6	-0.0246611989568919	0.576975622214377
2067	206.7	-0.0259495005011559	0.578263923758641
