Number of measurement points: 1331
Sample Rate (Hz): 10
Low limit Ch0 (V): -10
Upper limit Ch0 (V): 10
Low limit Ch1 (V): -10
Upper limit Ch1 (V): 10

Index	Time[s]	Ch0[V]	Ch1[V]
0	0	-0.0774815622717142	-0.766722888452932
1	0.1	-0.0246611989568919	-0.766722888452932
2	0.2	-0.0259495005011559	-0.765434586908668
3	0.3	-0.0246611989568919	-0.766722888452932
4	0.4	-0.0246611989568919	-0.766722888452932
5	0.5	-0.0259495005011559	-0.766722888452932
6	0.6	-0.0259495005011559	-0.765434586908668
7	0.7	-0.0246611989568919	-0.765434586908668
8	0.8	-0.0259495005011559	-0.765434586908668
9	0.9	-0.0246611989568919	-0.766722888452932
10	1	-0.0233728974126279	-0.765434586908668
11	1.1	-0.0246611989568919	-0.765434586908668
12	1.2	-0.0246611989568919	-0.765434586908668
13	1.3	-0.0246611989568919	-0.765434586908668
14	1.4	-0.0246611989568919	-0.766722888452932
15	1.5	-0.0246611989568919	-0.765434586908668
16	1.6	-0.0272378020454198	-0.765434586908668
17	1.7	-0.0246611989568919	-0.765434586908668
18	1.8	-0.0259495005011559	-0.765434586908668
19	1.9	-0.0259495005011559	-0.765434586908668
20	2	-0.0246611989568919	-0.765434586908668
21	2.1	-0.0246611989568919	-0.764146285364404
22	2.2	-0.0272378020454198	-0.764146285364404
23	2.3	-0.0246611989568919	-0.760281380731612
24	2.4	-0.0259495005011559	-0.758993079187348
25	2.5	-0.0259495005011559	-0.757704777643085
26	2.6	-0.0259495005011559	-0.756416476098821
27	2.7	-0.0272378020454198	-0.753839873010293
28	2.8	-0.0259495005011559	-0.752551571466029
29	2.9	-0.0259495005011559	-0.751263269921765
30	3	-0.0272378020454198	-0.749974968377501
31	3.1	-0.0259495005011559	-0.749974968377501
32	3.2	-0.0259495005011559	-0.747398365288973
33	3.3	-0.0259495005011559	-0.746110063744709
34	3.4	-0.0272378020454198	-0.743533460656181
35	3.5	-0.0272378020454198	-0.742245159111917
36	3.6	-0.0272378020454198	-0.740956857567653
37	3.7	-0.0272378020454198	-0.738380254479125
38	3.8	-0.0259495005011559	-0.735803651390597
39	3.9	-0.0285261035896838	-0.734515349846333
40	4	-0.0272378020454198	-0.731938746757805
41	4.1	-0.0285261035896838	-0.730650445213541
42	4.2	-0.0285261035896838	-0.729362143669277
43	4.3	-0.0272378020454198	-0.728073842125013
44	4.4	-0.0272378020454198	-0.725497239036486
45	4.5	-0.0285261035896838	-0.724208937492222
46	4.6	-0.0285261035896838	-0.724208937492222
47	4.7	-0.0272378020454198	-0.721632334403694
48	4.8	-0.0285261035896838	-0.719055731315166
49	4.9	-0.0272378020454198	-0.717767429770902
50	5	-0.0259495005011559	-0.717767429770902
51	5.1	-0.0272378020454198	-0.716479128226638
52	5.2	-0.0285261035896838	-0.715190826682374
53	5.3	-0.0272378020454198	-0.711325922049582
54	5.4	-0.0272378020454198	-0.711325922049582
55	5.5	-0.0259495005011559	-0.708749318961054
56	5.6	-0.0259495005011559	-0.70746101741679
57	5.7	-0.0272378020454198	-0.706172715872526
58	5.8	-0.0272378020454198	-0.704884414328262
59	5.9	-0.0272378020454198	-0.703596112783998
60	6	-0.0272378020454198	-0.702307811239734
61	6.1	-0.0272378020454198	-0.70101950969547
62	6.2	-0.0246611989568919	-0.698442906606942
63	6.3	-0.0259495005011559	-0.698442906606942
64	6.4	-0.0272378020454198	-0.695866303518414
65	6.5	-0.0246611989568919	-0.694578001974151
66	6.6	-0.0259495005011559	-0.693289700429887
67	6.7	-0.0272378020454198	-0.690713097341359
68	6.8	-0.0259495005011559	-0.688136494252831
69	6.9	-0.0259495005011559	-0.686848192708567
70	7	-0.0272378020454198	-0.685559891164303
71	7.1	-0.0246611989568919	-0.684271589620039
72	7.2	-0.0272378020454198	-0.681694986531511
73	7.3	-0.0272378020454198	-0.680406684987247
74	7.4	-0.0259495005011559	-0.679118383442983
75	7.5	-0.0272378020454198	-0.676541780354455
76	7.6	-0.0285261035896838	-0.676541780354455
77	7.7	-0.0285261035896838	-0.673965177265927
78	7.8	-0.0272378020454198	-0.672676875721663
79	7.9	-0.0285261035896838	-0.671388574177399
80	8	-0.0298144051339477	-0.668811971088871
81	8.1	-0.0285261035896838	-0.667523669544607
82	8.2	-0.0285261035896838	-0.666235368000343
83	8.3	-0.0285261035896838	-0.664947066456079
84	8.4	-0.0298144051339477	-0.662370463367552
85	8.5	-0.0298144051339477	-0.661082161823288
86	8.6	-0.0285261035896838	-0.65850555873476
87	8.7	-0.0311027066782117	-0.657217257190496
88	8.8	-0.0311027066782117	-0.655928955646232
89	8.9	-0.0298144051339477	-0.654640654101968
90	9	-0.0323910082224756	-0.65206405101344
91	9.1	-0.0311027066782117	-0.650775749469176
92	9.2	-0.0311027066782117	-0.648199146380648
93	9.3	-0.0311027066782117	-0.646910844836384
94	9.4	-0.0336793097667396	-0.64562254329212
95	9.5	-0.0311027066782117	-0.644334241747856
96	9.6	-0.0323910082224756	-0.641757638659328
97	9.7	-0.0349676113110036	-0.6391810355708
98	9.8	-0.0311027066782117	-0.6391810355708
99	9.9	-0.0349676113110036	-0.636604432482272
100	10	-0.0336793097667396	-0.635316130938008
101	10.1	-0.0323910082224756	-0.634027829393744
102	10.2	-0.0323910082224756	-0.632739527849481
103	10.3	-0.0336793097667396	-0.630162924760953
104	10.4	-0.0336793097667396	-0.630162924760953
105	10.5	-0.0336793097667396	-0.627586321672425
106	10.6	-0.0336793097667396	-0.627586321672425
107	10.7	-0.0349676113110036	-0.626298020128161
108	10.8	-0.0323910082224756	-0.625009718583897
109	10.9	-0.0323910082224756	-0.622433115495369
110	11	-0.0336793097667396	-0.622433115495369
111	11.1	-0.0349676113110036	-0.619856512406841
112	11.2	-0.0336793097667396	-0.619856512406841
113	11.3	-0.0323910082224756	-0.618568210862577
114	11.4	-0.0336793097667396	-0.615991607774049
115	11.5	-0.0311027066782117	-0.614703306229785
116	11.6	-0.0311027066782117	-0.613415004685521
117	11.7	-0.0323910082224756	-0.612126703141257
118	11.8	-0.0298144051339477	-0.609550100052729
119	11.9	-0.0311027066782117	-0.608261798508465
120	12	-0.0298144051339477	-0.605685195419937
121	12.1	-0.0311027066782117	-0.605685195419937
122	12.2	-0.0285261035896838	-0.604396893875673
123	12.3	-0.0298144051339477	-0.603108592331409
124	12.4	-0.0298144051339477	-0.600531989242882
125	12.5	-0.0285261035896838	-0.599243687698618
126	12.6	-0.0285261035896838	-0.59666708461009
127	12.7	-0.0285261035896838	-0.59666708461009
128	12.8	-0.0285261035896838	-0.595378783065826
129	12.9	-0.0285261035896838	-0.595378783065826
130	13	-0.0272378020454198	-0.594090481521562
131	13.1	-0.0285261035896838	-0.592802179977298
132	13.2	-0.0285261035896838	-0.591513878433034
133	13.3	-0.0272378020454198	-0.588937275344506
134	13.4	-0.0272378020454198	-0.587648973800242
135	13.5	-0.0272378020454198	-0.586360672255978
136	13.6	-0.0285261035896838	-0.585072370711714
137	13.7	-0.0272378020454198	-0.585072370711714
138	13.8	-0.0272378020454198	-0.58378406916745
139	13.9	-0.0272378020454198	-0.582495767623186
140	14	-0.0272378020454198	-0.579919164534658
141	14.1	-0.0259495005011559	-0.578630862990394
142	14.2	-0.0259495005011559	-0.57734256144613
143	14.3	-0.0272378020454198	-0.576054259901866
144	14.4	-0.0259495005011559	-0.576054259901866
145	14.5	-0.0259495005011559	-0.573477656813338
146	14.6	-0.0272378020454198	-0.573477656813338
147	14.7	-0.0272378020454198	-0.57090105372481
148	14.8	-0.0272378020454198	-0.569612752180547
149	14.9	-0.0272378020454198	-0.568324450636283
150	15	-0.0272378020454198	-0.568324450636283
151	15.1	-0.0285261035896838	-0.567036149092019
152	15.2	-0.0298144051339477	-0.564459546003491
153	15.3	-0.0285261035896838	-0.563171244459227
154	15.4	-0.0285261035896838	-0.561882942914963
155	15.5	-0.0272378020454198	-0.559306339826435
156	15.6	-0.0311027066782117	-0.558018038282171
157	15.7	-0.0285261035896838	-0.556729736737907
158	15.8	-0.0298144051339477	-0.555441435193643
159	15.9	-0.0298144051339477	-0.554153133649379
160	16	-0.0311027066782117	-0.554153133649379
161	16.1	-0.0336793097667396	-0.551576530560851
162	16.2	-0.0311027066782117	-0.550288229016587
163	16.3	-0.0311027066782117	-0.548999927472323
164	16.4	-0.0323910082224756	-0.547711625928059
165	16.5	-0.0323910082224756	-0.546423324383795
166	16.6	-0.0323910082224756	-0.545135022839531
167	16.7	-0.0311027066782117	-0.543846721295267
168	16.8	-0.0311027066782117	-0.542558419751003
169	16.9	-0.0336793097667396	-0.541270118206739
170	17	-0.0336793097667396	-0.539981816662475
171	17.1	-0.0323910082224756	-0.537405213573948
172	17.2	-0.0323910082224756	-0.537405213573948
173	17.3	-0.0336793097667396	-0.536116912029684
174	17.4	-0.0349676113110036	-0.53482861048542
175	17.5	-0.0323910082224756	-0.533540308941156
176	17.6	-0.0298144051339477	-0.530963705852628
177	17.7	-0.0336793097667396	-0.529675404308364
178	17.8	-0.0349676113110036	-0.529675404308364
179	17.9	-0.0336793097667396	-0.5283871027641
180	18	-0.0311027066782117	-0.525810499675572
181	18.1	-0.0323910082224756	-0.524522198131308
182	18.2	-0.0349676113110036	-0.524522198131308
183	18.3	-0.0349676113110036	-0.52194559504278
184	18.4	-0.0323910082224756	-0.520657293498516
185	18.5	-0.0323910082224756	-0.519368991954252
186	18.6	-0.0323910082224756	-0.518080690409988
187	18.7	-0.0323910082224756	-0.51550408732146
188	18.8	-0.0336793097667396	-0.51550408732146
189	18.9	-0.0298144051339477	-0.514215785777196
190	19	-0.0298144051339477	-0.512927484232932
191	19.1	-0.0311027066782117	-0.510350881144404
192	19.2	-0.0311027066782117	-0.510350881144404
193	19.3	-0.0311027066782117	-0.50906257960014
194	19.4	-0.0285261035896838	-0.507774278055876
195	19.5	-0.0285261035896838	-0.505197674967349
196	19.6	-0.0285261035896838	-0.505197674967349
197	19.7	-0.0298144051339477	-0.502621071878821
198	19.8	-0.0298144051339477	-0.502621071878821
199	19.9	-0.0298144051339477	-0.501332770334557
200	20	-0.0285261035896838	-0.498756167246029
201	20.1	-0.0285261035896838	-0.497467865701765
202	20.2	-0.0285261035896838	-0.496179564157501
203	20.3	-0.0285261035896838	-0.494891262613237
204	20.4	-0.0259495005011559	-0.493602961068973
205	20.5	-0.0259495005011559	-0.492314659524709
206	20.6	-0.0272378020454198	-0.492314659524709
207	20.7	-0.0259495005011559	-0.489738056436181
208	20.8	-0.0246611989568919	-0.487161453347653
209	20.9	-0.0259495005011559	-0.485873151803389
210	21	-0.0246611989568919	-0.484584850259125
211	21.1	-0.0246611989568919	-0.483296548714861
212	21.2	-0.0246611989568919	-0.482008247170597
213	21.3	-0.0246611989568919	-0.480719945626333
214	21.4	-0.0246611989568919	-0.479431644082069
215	21.5	-0.0246611989568919	-0.478143342537805
216	21.6	-0.0259495005011559	-0.476855040993541
217	21.7	-0.0246611989568919	-0.475566739449278
218	21.8	-0.0246611989568919	-0.475566739449278
219	21.9	-0.0233728974126279	-0.47299013636075
220	22	-0.0233728974126279	-0.471701834816486
221	22.1	-0.0246611989568919	-0.470413533272222
222	22.2	-0.0233728974126279	-0.467836930183694
223	22.3	-0.0233728974126279	-0.46654862863943
224	22.4	-0.0259495005011559	-0.46654862863943
225	22.5	-0.0259495005011559	-0.463972025550902
226	22.6	-0.0259495005011559	-0.462683724006638
227	22.7	-0.0272378020454198	-0.461395422462374
228	22.8	-0.0259495005011559	-0.46010712091811
229	22.9	-0.0259495005011559	-0.458818819373846
230	23	-0.0272378020454198	-0.457530517829582
231	23.1	-0.0285261035896838	-0.456242216285318
232	23.2	-0.0285261035896838	-0.45366561319679
233	23.3	-0.0298144051339477	-0.45366561319679
234	23.4	-0.0298144051339477	-0.452377311652526
235	23.5	-0.0285261035896838	-0.451089010108262
236	23.6	-0.0298144051339477	-0.449800708563998
237	23.7	-0.0336793097667396	-0.448512407019734
238	23.8	-0.0298144051339477	-0.44722410547547
239	23.9	-0.0311027066782117	-0.445935803931206
240	24	-0.0311027066782117	-0.444647502386943
241	24.1	-0.0285261035896838	-0.443359200842679
242	24.2	-0.0323910082224756	-0.442070899298415
243	24.3	-0.0362559128552675	-0.440782597754151
244	24.4	-0.0349676113110036	-0.439494296209887
245	24.5	-0.0349676113110036	-0.438205994665623
246	24.6	-0.0336793097667396	-0.438205994665623
247	24.7	-0.0336793097667396	-0.435629391577095
248	24.8	-0.0375442143995315	-0.434341090032831
249	24.9	-0.0375442143995315	-0.433052788488567
250	25	-0.0375442143995315	-0.431764486944303
251	25.1	-0.0362559128552675	-0.430476185400039
252	25.2	-0.0349676113110036	-0.429187883855775
253	25.3	-0.0362559128552675	-0.427899582311511
254	25.4	-0.0401208174880594	-0.425322979222983
255	25.5	-0.0426974205765873	-0.424034677678719
256	25.6	-0.0401208174880594	-0.422746376134455
257	25.7	-0.0388325159437954	-0.421458074590191
258	25.8	-0.0375442143995315	-0.420169773045927
259	25.9	-0.0375442143995315	-0.418881471501663
260	26	-0.0401208174880594	-0.417593169957399
261	26.1	-0.0414091190323234	-0.416304868413135
262	26.2	-0.0388325159437954	-0.415016566868871
263	26.3	-0.0375442143995315	-0.413728265324607
264	26.4	-0.0388325159437954	-0.41115166223608
265	26.5	-0.0426974205765873	-0.409863360691816
266	26.6	-0.0426974205765873	-0.407286757603288
267	26.7	-0.0426974205765873	-0.408575059147552
268	26.8	-0.0388325159437954	-0.407286757603288
269	26.9	-0.0375442143995315	-0.405998456059024
270	27	-0.0388325159437954	-0.40471015451476
271	27.1	-0.0401208174880594	-0.403421852970496
272	27.2	-0.0414091190323234	-0.402133551426232
273	27.3	-0.0401208174880594	-0.400845249881968
274	27.4	-0.0362559128552675	-0.400845249881968
275	27.5	-0.0349676113110036	-0.39826864679344
276	27.6	-0.0362559128552675	-0.39826864679344
277	27.7	-0.0375442143995315	-0.395692043704912
278	27.8	-0.0375442143995315	-0.394403742160648
279	27.9	-0.0362559128552675	-0.39182713907212
280	28	-0.0336793097667396	-0.389250535983592
281	28.1	-0.0336793097667396	-0.389250535983592
282	28.2	-0.0336793097667396	-0.386673932895064
283	28.3	-0.0349676113110036	-0.3853856313508
284	28.4	-0.0336793097667396	-0.384097329806536
285	28.5	-0.0323910082224756	-0.382809028262272
286	28.6	-0.0311027066782117	-0.381520726718009
287	28.7	-0.0323910082224756	-0.380232425173745
288	28.8	-0.0311027066782117	-0.380232425173745
289	28.9	-0.0298144051339477	-0.377655822085217
290	29	-0.0311027066782117	-0.376367520540953
291	29.1	-0.0285261035896838	-0.376367520540953
292	29.2	-0.0298144051339477	-0.375079218996689
293	29.3	-0.0298144051339477	-0.373790917452425
294	29.4	-0.0285261035896838	-0.372502615908161
295	29.5	-0.0298144051339477	-0.369926012819633
296	29.6	-0.0285261035896838	-0.369926012819633
297	29.7	-0.0285261035896838	-0.368637711275369
298	29.8	-0.0285261035896838	-0.368637711275369
299	29.9	-0.0272378020454198	-0.366061108186841
300	30	-0.0285261035896838	-0.364772806642577
301	30.1	-0.0272378020454198	-0.362196203554049
302	30.2	-0.0285261035896838	-0.362196203554049
303	30.3	-0.0298144051339477	-0.360907902009785
304	30.4	-0.0285261035896838	-0.359619600465521
305	30.5	-0.0285261035896838	-0.358331298921257
306	30.6	-0.0285261035896838	-0.358331298921257
307	30.7	-0.0298144051339477	-0.357042997376993
308	30.8	-0.0311027066782117	-0.357042997376993
309	30.9	-0.0298144051339477	-0.355754695832729
310	31	-0.0311027066782117	-0.354466394288465
311	31.1	-0.0311027066782117	-0.354466394288465
312	31.2	-0.0323910082224756	-0.351889791199937
313	31.3	-0.0323910082224756	-0.351889791199937
314	31.4	-0.0311027066782117	-0.350601489655674
315	31.5	-0.0311027066782117	-0.350601489655674
316	31.6	-0.0311027066782117	-0.350601489655674
317	31.7	-0.0336793097667396	-0.34931318811141
318	31.8	-0.0349676113110036	-0.34931318811141
319	31.9	-0.0362559128552675	-0.348024886567146
320	32	-0.0375442143995315	-0.346736585022882
321	32.1	-0.0362559128552675	-0.344159981934354
322	32.2	-0.0362559128552675	-0.34287168039009
323	32.3	-0.0401208174880594	-0.341583378845826
324	32.4	-0.0414091190323234	-0.341583378845826
325	32.5	-0.0452740236651152	-0.340295077301562
326	32.6	-0.0439857221208513	-0.337718474213034
327	32.7	-0.0439857221208513	-0.337718474213034
328	32.8	-0.0439857221208513	-0.33643017266877
329	32.9	-0.0414091190323234	-0.335141871124506
330	33	-0.0439857221208513	-0.333853569580242
331	33.1	-0.0452740236651152	-0.333853569580242
332	33.2	-0.0465623252093792	-0.332565268035978
333	33.3	-0.0491389282979071	-0.332565268035978
334	33.4	-0.0504272298421711	-0.331276966491714
335	33.5	-0.051715531386435	-0.32998866494745
336	33.6	-0.0491389282979071	-0.328700363403186
337	33.7	-0.0478506267536432	-0.327412061858922
338	33.8	-0.0478506267536432	-0.327412061858922
339	33.9	-0.0491389282979071	-0.326123760314658
340	34	-0.0555804360192269	-0.324835458770394
341	34.1	-0.0568687375634909	-0.32354715722613
342	34.2	-0.0555804360192269	-0.320970554137602
343	34.3	-0.0542921344749629	-0.320970554137602
344	34.4	-0.051715531386435	-0.319682252593338
345	34.5	-0.0504272298421711	-0.318393951049075
346	34.6	-0.053003832930699	-0.318393951049075
347	34.7	-0.0581570391077548	-0.315817347960547
348	34.8	-0.0594453406520188	-0.315817347960547
349	34.9	-0.0594453406520188	-0.314529046416283
350	35	-0.0568687375634909	-0.314529046416283
351	35.1	-0.053003832930699	-0.313240744872019
352	35.2	-0.0542921344749629	-0.313240744872019
353	35.3	-0.051715531386435	-0.310664141783491
354	35.4	-0.0504272298421711	-0.310664141783491
355	35.5	-0.053003832930699	-0.308087538694963
356	35.6	-0.0555804360192269	-0.308087538694963
357	35.7	-0.0594453406520188	-0.306799237150699
358	35.8	-0.0594453406520188	-0.305510935606435
359	35.9	-0.0542921344749629	-0.305510935606435
360	36	-0.0542921344749629	-0.304222634062171
361	36.1	-0.0491389282979071	-0.302934332517907
362	36.2	-0.0491389282979071	-0.302934332517907
363	36.3	-0.0478506267536432	-0.301646030973643
364	36.4	-0.0478506267536432	-0.300357729429379
365	36.5	-0.051715531386435	-0.300357729429379
366	36.6	-0.051715531386435	-0.299069427885115
367	36.7	-0.051715531386435	-0.299069427885115
368	36.8	-0.0491389282979071	-0.297781126340851
369	36.9	-0.0478506267536432	-0.297781126340851
370	37	-0.0452740236651152	-0.296492824796587
371	37.1	-0.0439857221208513	-0.295204523252323
372	37.2	-0.0414091190323234	-0.293916221708059
373	37.3	-0.0414091190323234	-0.292627920163795
374	37.4	-0.0426974205765873	-0.292627920163795
375	37.5	-0.0439857221208513	-0.290051317075267
376	37.6	-0.0401208174880594	-0.288763015531003
377	37.7	-0.0401208174880594	-0.28747471398674
378	37.8	-0.0375442143995315	-0.28747471398674
379	37.9	-0.0362559128552675	-0.286186412442476
380	38	-0.0362559128552675	-0.286186412442476
381	38.1	-0.0349676113110036	-0.283609809353948
382	38.2	-0.0362559128552675	-0.283609809353948
383	38.3	-0.0349676113110036	-0.282321507809684
384	38.4	-0.0336793097667396	-0.279744904721156
385	38.5	-0.0336793097667396	-0.279744904721156
386	38.6	-0.0298144051339477	-0.278456603176892
387	38.7	-0.0298144051339477	-0.277168301632628
388	38.8	-0.0298144051339477	-0.2745916985441
389	38.9	-0.0285261035896838	-0.2745916985441
390	39	-0.0298144051339477	-0.273303396999836
391	39.1	-0.0285261035896838	-0.272015095455572
392	39.2	-0.0311027066782117	-0.270726793911308
393	39.3	-0.0298144051339477	-0.270726793911308
394	39.4	-0.0298144051339477	-0.270726793911308
395	39.5	-0.0311027066782117	-0.269438492367044
396	39.6	-0.0285261035896838	-0.26815019082278
397	39.7	-0.0285261035896838	-0.26815019082278
398	39.8	-0.0298144051339477	-0.266861889278516
399	39.9	-0.0298144051339477	-0.265573587734252
400	40	-0.0311027066782117	-0.264285286189988
401	40.1	-0.0323910082224756	-0.262996984645724
402	40.2	-0.0336793097667396	-0.26170868310146
403	40.3	-0.0349676113110036	-0.260420381557196
404	40.4	-0.0349676113110036	-0.260420381557196
405	40.5	-0.0349676113110036	-0.259132080012932
406	40.6	-0.0349676113110036	-0.257843778468668
407	40.7	-0.0362559128552675	-0.256555476924405
408	40.8	-0.0388325159437954	-0.255267175380141
409	40.9	-0.0439857221208513	-0.253978873835877
410	41	-0.0465623252093792	-0.252690572291613
411	41.1	-0.0504272298421711	-0.252690572291613
412	41.2	-0.0504272298421711	-0.251402270747349
413	41.3	-0.0504272298421711	-0.250113969203085
414	41.4	-0.0491389282979071	-0.248825667658821
415	41.5	-0.0491389282979071	-0.247537366114557
416	41.6	-0.0491389282979071	-0.247537366114557
417	41.7	-0.051715531386435	-0.246249064570293
418	41.8	-0.053003832930699	-0.244960763026029
419	41.9	-0.0542921344749629	-0.244960763026029
420	42	-0.0581570391077548	-0.243672461481765
421	42.1	-0.0620219437405467	-0.242384159937501
422	42.2	-0.0633102452848107	-0.242384159937501
423	42.3	-0.0645985468290746	-0.241095858393237
424	42.4	-0.0671751499176025	-0.239807556848973
425	42.5	-0.0633102452848107	-0.239807556848973
426	42.6	-0.0645985468290746	-0.239807556848973
427	42.7	-0.0594453406520188	-0.237230953760445
428	42.8	-0.0594453406520188	-0.237230953760445
429	42.9	-0.0581570391077548	-0.235942652216181
430	43	-0.0581570391077548	-0.233366049127653
431	43.1	-0.0658868483733386	-0.233366049127653
432	43.2	-0.0697517530061305	-0.232077747583389
433	43.3	-0.0787698638159782	-0.230789446039125
434	43.4	-0.0813464669045061	-0.229501144494861
435	43.5	-0.08263476844877	-0.229501144494861
436	43.6	-0.0813464669045061	-0.228212842950597
437	43.7	-0.0787698638159782	-0.226924541406333
438	43.8	-0.0774815622717142	-0.226924541406333
439	43.9	-0.0736166576389223	-0.225636239862069
440	44	-0.0710400545503944	-0.224347938317806
441	44.1	-0.0710400545503944	-0.223059636773542
442	44.2	-0.0736166576389223	-0.223059636773542
443	44.3	-0.0761932607274503	-0.221771335229278
444	44.4	-0.085211371537298	-0.220483033685014
445	44.5	-0.0890762761700898	-0.21919473214075
446	44.6	-0.0890762761700898	-0.216618129052222
447	44.7	-0.0877879746258259	-0.216618129052222
448	44.8	-0.083923069993034	-0.215329827507958
449	44.9	-0.0800581653602421	-0.215329827507958
450	45	-0.0761932607274503	-0.214041525963694
451	45.1	-0.0710400545503944	-0.21275322441943
452	45.2	-0.0671751499176025	-0.211464922875166
453	45.3	-0.0645985468290746	-0.211464922875166
454	45.4	-0.0633102452848107	-0.210176621330902
455	45.5	-0.0645985468290746	-0.210176621330902
456	45.6	-0.0645985468290746	-0.208888319786638
457	45.7	-0.0684634514618665	-0.207600018242374
458	45.8	-0.0710400545503944	-0.20631171669811
459	45.9	-0.0723283560946584	-0.205023415153846
460	46	-0.0710400545503944	-0.203735113609582
461	46.1	-0.0671751499176025	-0.203735113609582
462	46.2	-0.0633102452848107	-0.202446812065318
463	46.3	-0.0594453406520188	-0.201158510521054
464	46.4	-0.053003832930699	-0.19987020897679
465	46.5	-0.0491389282979071	-0.198581907432526
466	46.6	-0.0465623252093792	-0.197293605888262
467	46.7	-0.0465623252093792	-0.196005304343998
468	46.8	-0.0478506267536432	-0.194717002799734
469	46.9	-0.0478506267536432	-0.193428701255471
470	47	-0.0491389282979071	-0.192140399711207
471	47.1	-0.0478506267536432	-0.190852098166943
472	47.2	-0.0465623252093792	-0.189563796622679
473	47.3	-0.0426974205765873	-0.189563796622679
474	47.4	-0.0414091190323234	-0.188275495078415
475	47.5	-0.0375442143995315	-0.186987193534151
476	47.6	-0.0349676113110036	-0.184410590445623
477	47.7	-0.0362559128552675	-0.184410590445623
478	47.8	-0.0323910082224756	-0.183122288901359
479	47.9	-0.0323910082224756	-0.181833987357095
480	48	-0.0323910082224756	-0.181833987357095
481	48.1	-0.0311027066782117	-0.179257384268567
482	48.2	-0.0311027066782117	-0.177969082724303
483	48.3	-0.0298144051339477	-0.176680781180039
484	48.4	-0.0298144051339477	-0.175392479635775
485	48.5	-0.0298144051339477	-0.174104178091511
486	48.6	-0.0285261035896838	-0.172815876547247
487	48.7	-0.0272378020454198	-0.171527575002983
488	48.8	-0.0285261035896838	-0.171527575002983
489	48.9	-0.0272378020454198	-0.170239273458719
490	49	-0.0285261035896838	-0.168950971914455
491	49.1	-0.0285261035896838	-0.167662670370191
492	49.2	-0.0298144051339477	-0.166374368825927
493	49.3	-0.0298144051339477	-0.165086067281663
494	49.4	-0.0323910082224756	-0.163797765737399
495	49.5	-0.0336793097667396	-0.162509464193135
496	49.6	-0.0349676113110036	-0.162509464193135
497	49.7	-0.0388325159437954	-0.161221162648872
498	49.8	-0.0375442143995315	-0.159932861104608
499	49.9	-0.0426974205765873	-0.158644559560344
500	50	-0.0452740236651152	-0.158644559560344
501	50.1	-0.0491389282979071	-0.15735625801608
502	50.2	-0.0542921344749629	-0.156067956471816
503	50.3	-0.0555804360192269	-0.156067956471816
504	50.4	-0.0581570391077548	-0.156067956471816
505	50.5	-0.0581570391077548	-0.154779654927552
506	50.6	-0.0594453406520188	-0.153491353383288
507	50.7	-0.0620219437405467	-0.152203051839024
508	50.8	-0.0633102452848107	-0.152203051839024
509	50.9	-0.0645985468290746	-0.15091475029476
510	51	-0.0671751499176025	-0.149626448750496
511	51.1	-0.0697517530061305	-0.148338147206232
512	51.2	-0.0749049591831863	-0.148338147206232
513	51.3	-0.083923069993034	-0.145761544117704
514	51.4	-0.0864996730815619	-0.145761544117704
515	51.5	-0.0929411808028817	-0.14447324257344
516	51.6	-0.0993826885242015	-0.143184941029176
517	51.7	-0.105824196245521	-0.143184941029176
518	51.8	-0.113554005511105	-0.141896639484912
519	51.9	-0.118707211688161	-0.140608337940648
520	52	-0.121283814776689	-0.139320036396384
521	52.1	-0.121283814776689	-0.13803173485212
522	52.2	-0.118707211688161	-0.136743433307856
523	52.3	-0.118707211688161	-0.136743433307856
524	52.4	-0.116130608599633	-0.135455131763592
525	52.5	-0.116130608599633	-0.134166830219328
526	52.6	-0.116130608599633	-0.134166830219328
527	52.7	-0.116130608599633	-0.132878528675064
528	52.8	-0.117418910143897	-0.132878528675064
529	52.9	-0.116130608599633	-0.1315902271308
530	53	-0.119995513232425	-0.130301925586537
531	53.1	-0.122572116320953	-0.130301925586537
532	53.2	-0.123860417865217	-0.130301925586537
533	53.3	-0.129013624042273	-0.129013624042273
534	53.4	-0.135455131763592	-0.129013624042273
535	53.5	-0.139320036396384	-0.127725322498009
536	53.6	-0.148338147206232	-0.127725322498009
537	53.7	-0.148338147206232	-0.126437020953745
538	53.8	-0.15735625801608	-0.126437020953745
539	53.9	-0.161221162648872	-0.126437020953745
540	54	-0.165086067281663	-0.125148719409481
541	54.1	-0.168950971914455	-0.125148719409481
542	54.2	-0.174104178091511	-0.123860417865217
543	54.3	-0.179257384268567	-0.125148719409481
544	54.4	-0.185698891989887	-0.122572116320953
545	54.5	-0.185698891989887	-0.122572116320953
546	54.6	-0.190852098166943	-0.121283814776689
547	54.7	-0.188275495078415	-0.121283814776689
548	54.8	-0.189563796622679	-0.119995513232425
549	54.9	-0.186987193534151	-0.119995513232425
550	55	-0.181833987357095	-0.119995513232425
551	55.1	-0.177969082724303	-0.118707211688161
552	55.2	-0.174104178091511	-0.118707211688161
553	55.3	-0.168950971914455	-0.116130608599633
554	55.4	-0.166374368825927	-0.117418910143897
555	55.5	-0.165086067281663	-0.116130608599633
556	55.6	-0.162509464193135	-0.114842307055369
557	55.7	-0.15735625801608	-0.114842307055369
558	55.8	-0.156067956471816	-0.113554005511105
559	55.9	-0.153491353383288	-0.113554005511105
560	56	-0.152203051839024	-0.112265703966841
561	56.1	-0.152203051839024	-0.112265703966841
562	56.2	-0.153491353383288	-0.112265703966841
563	56.3	-0.152203051839024	-0.110977402422577
564	56.4	-0.153491353383288	-0.109689100878313
565	56.5	-0.15735625801608	-0.109689100878313
566	56.6	-0.161221162648872	-0.108400799334049
567	56.7	-0.162509464193135	-0.107112497789785
568	56.8	-0.163797765737399	-0.107112497789785
569	56.9	-0.167662670370191	-0.105824196245521
570	57	-0.174104178091511	-0.105824196245521
571	57.1	-0.174104178091511	-0.104535894701257
572	57.2	-0.175392479635775	-0.103247593156993
573	57.3	-0.170239273458719	-0.101959291612729
574	57.4	-0.168950971914455	-0.101959291612729
575	57.5	-0.161221162648872	-0.101959291612729
576	57.6	-0.154779654927552	-0.100670990068465
577	57.7	-0.148338147206232	-0.0993826885242015
578	57.8	-0.14447324257344	-0.0993826885242015
579	57.9	-0.13803173485212	-0.0993826885242015
580	58	-0.130301925586537	-0.0980943869799376
581	58.1	-0.121283814776689	-0.0980943869799376
582	58.2	-0.116130608599633	-0.0968060854356736
583	58.3	-0.109689100878313	-0.0968060854356736
584	58.4	-0.101959291612729	-0.0968060854356736
585	58.5	-0.0968060854356736	-0.0955177838914096
586	58.6	-0.0916528792586178	-0.0955177838914096
587	58.7	-0.0877879746258259	-0.0955177838914096
588	58.8	-0.085211371537298	-0.0942294823471457
589	58.9	-0.0800581653602421	-0.0942294823471457
590	59	-0.0761932607274503	-0.0929411808028817
591	59.1	-0.0710400545503944	-0.0929411808028817
592	59.2	-0.0710400545503944	-0.0916528792586178
593	59.3	-0.0671751499176025	-0.0916528792586178
594	59.4	-0.0633102452848107	-0.0916528792586178
595	59.5	-0.0594453406520188	-0.0903645777143538
596	59.6	-0.0542921344749629	-0.0890762761700898
597	59.7	-0.0504272298421711	-0.0877879746258259
598	59.8	-0.0491389282979071	-0.0864996730815619
599	59.9	-0.0426974205765873	-0.0864996730815619
600	60	-0.0414091190323234	-0.085211371537298
601	60.1	-0.0401208174880594	-0.085211371537298
602	60.2	-0.0375442143995315	-0.085211371537298
603	60.3	-0.0362559128552675	-0.083923069993034
604	60.4	-0.0349676113110036	-0.08263476844877
605	60.5	-0.0336793097667396	-0.08263476844877
606	60.6	-0.0336793097667396	-0.0813464669045061
607	60.7	-0.0336793097667396	-0.0813464669045061
608	60.8	-0.0349676113110036	-0.0800581653602421
609	60.9	-0.0362559128552675	-0.0800581653602421
610	61	-0.0375442143995315	-0.0787698638159782
611	61.1	-0.0414091190323234	-0.0774815622717142
612	61.2	-0.0439857221208513	-0.0774815622717142
613	61.3	-0.0491389282979071	-0.0761932607274503
614	61.4	-0.0542921344749629	-0.0749049591831863
615	61.5	-0.0594453406520188	-0.0736166576389223
616	61.6	-0.0697517530061305	-0.0723283560946584
617	61.7	-0.0787698638159782	-0.0710400545503944
618	61.8	-0.0916528792586178	-0.0697517530061305
619	61.9	-0.100670990068465	-0.0684634514618665
620	62	-0.110977402422577	-0.0671751499176025
621	62.1	-0.123860417865217	-0.0671751499176025
622	62.2	-0.132878528675064	-0.0658868483733386
623	62.3	-0.148338147206232	-0.0658868483733386
624	62.4	-0.15735625801608	-0.0645985468290746
625	62.5	-0.176680781180039	-0.0633102452848107
626	62.6	-0.192140399711207	-0.0620219437405467
627	62.7	-0.208888319786638	-0.0620219437405467
628	62.8	-0.229501144494861	-0.0607336421962827
629	62.9	-0.250113969203085	-0.0607336421962827
630	63	-0.2745916985441	-0.0581570391077548
631	63.1	-0.305510935606435	-0.0581570391077548
632	63.2	-0.345448283478618	-0.0568687375634909
633	63.3	-0.396980345249176	-0.0555804360192269
634	63.4	-0.438205994665623	-0.0542921344749629
635	63.5	-0.488449754891917	-0.053003832930699
636	63.6	-0.543846721295267	-0.053003832930699
637	63.7	-0.587648973800242	-0.051715531386435
638	63.8	-0.628874623216689	-0.0504272298421711
639	63.9	-0.667523669544607	-0.0504272298421711
640	64	-0.722920635947958	-0.0491389282979071
641	64.1	-0.764146285364404	-0.0465623252093792
642	64.2	-0.798930427059531	-0.0452740236651152
643	64.3	-0.868498710449785	-0.0439857221208513
644	64.4	-0.89941794751212	-0.0426974205765873
645	64.5	-0.90585945523344	-0.0426974205765873
646	64.6	-0.935490390751511	-0.0414091190323234
647	64.7	-0.966409627813846	-0.0401208174880594
648	64.8	-1.01665338804014	-0.0388325159437954
649	64.9	-1.04370772046968	-0.0388325159437954
650	65	-1.07462695753202	-0.0375442143995315
651	65.1	-1.09781638532877	-0.0375442143995315
652	65.2	-1.12615901930258	-0.0362559128552675
653	65.3	-1.15450165327638	-0.0349676113110036
654	65.4	-1.19572730269283	-0.0336793097667396
655	65.5	-1.22664653975517	-0.0323910082224756
656	65.6	-1.24597106291912	-0.0298144051339477
657	65.7	-1.27689029998146	-0.0311027066782117
658	65.8	-1.30780953704379	-0.0298144051339477
659	65.9	-1.34903518646024	-0.0272378020454198
660	66	-1.3863959312439	-0.0272378020454198
661	66.1	-1.37608951888978	-0.0259495005011559
662	66.2	-1.40443215286359	-0.0259495005011559
663	66.3	-1.41731516830623	-0.0259495005011559
664	66.4	-1.45596421463415	-0.0246611989568919
665	66.5	-1.48430684860796	-0.0233728974126279
666	66.6	-1.5293974026572	-0.022084595868364
667	66.7	-1.59767738450319	-0.022084595868364
668	66.8	-1.66724566789344	-0.0207962943241
669	66.9	-1.70202980958857	-0.0195079927798361
670	67	-1.73037244356237	-0.0182196912355721
671	67.1	-1.78576940996572	-0.0182196912355721
672	67.2	-1.82055355166085	-0.0169313896913081
673	67.3	-1.86950901034288	-0.0169313896913081
674	67.4	-1.91202296130359	-0.0156430881470442
675	67.5	-1.96870822925121	-0.0143547866027802
676	67.6	-2.01766368793324	-0.0143547866027802
677	67.7	-2.06404254352674	-0.0130664850585163
678	67.8	-2.12459271610714	-0.0130664850585163
679	67.9	-2.18900779332034	-0.0117781835142523
680	68	-2.22894514119253	-0.0104898819699883
681	68.1	-2.29851342458278	-0.00920158042572439
682	68.2	-2.35262208944187	-0.00920158042572439
683	68.3	-2.37967642187141	-0.00791327888146043
684	68.4	-2.41188396047801	-0.00791327888146043
685	68.5	-2.44924470526166	-0.00662497733719647
686	68.6	-2.47887564077973	-0.00662497733719647
687	68.7	-2.53169600409456	-0.00533667579293251
688	68.8	-2.58838127204217	-0.00404837424866855
689	68.9	-2.6231654137373	-0.00404837424866855
690	69	-2.66696766624227	-0.00276007270440459
691	69.1	-2.74426575889811	-0.00147177116014063
692	69.2	-2.85248308861628	-0.000183469615876675
693	69.3	-2.88855553185567	0.00110483192838728
694	69.4	-2.91174495965242	0.00110483192838728
695	69.5	-2.93364608590491	0.00239313347265124
696	69.6	-2.97229513223283	0.00239313347265124
697	69.7	-3.00836757547222	0.0036814350169152
698	69.8	-3.02511549554765	0.00496973656117916
699	69.9	-3.04701662180014	0.00496973656117916
700	70	-3.08566566812806	0.00625803810544312
701	70.1	-3.12044980982319	0.00754633964970708
702	70.2	-3.12044980982319	0.00883464119397104
703	70.3	-3.10756679438055	0.00883464119397104
704	70.4	-3.09726038202643	0.010122942738235
705	70.5	-3.11529660364613	0.011411244282499
706	70.6	-3.13848603144288	0.011411244282499
707	70.7	-3.16811696696095	0.0126995458267629
708	70.8	-3.1913063947577	0.0126995458267629
709	70.9	-3.13977433298714	0.0139878473710269
710	71	-3.09726038202643	0.0152761489152908
711	71.1	-3.09210717584938	0.0165644504595548
712	71.2	-3.10756679438055	0.0178527520038188
713	71.3	-3.07793585886247	0.0178527520038188
714	71.4	-3.05345812952146	0.0191410535480827
715	71.5	-3.04057511407882	0.0204293550923467
716	71.6	-3.01738568628207	0.0217176566366106
717	71.7	-2.98131324304268	0.0217176566366106
718	71.8	-2.94652910134755	0.0217176566366106
719	71.9	-2.90272684884258	0.0230059581808746
720	72	-2.85248308861628	0.0242942597251385
721	72.1	-2.80095102684572	0.0242942597251385
722	72.2	-2.72622953727841	0.0255825612694025
723	72.3	-2.6695442693308	0.0281591643579304
724	72.4	-2.59611108130775	0.0281591643579304
725	72.5	-2.53942581336014	0.0294474659021944
726	72.6	-2.48402884695679	0.0307357674464583
727	72.7	-2.44022659445181	0.0307357674464583
728	72.8	-2.36421680334024	0.0320240689907223
729	72.9	-2.2869187106844	0.0333123705349863
730	73	-2.21863872883841	0.0346006720792502
731	73.1	-2.18900779332034	0.0358889736235142
732	73.2	-2.12459271610714	0.0371772751677781
733	73.3	-2.06017763889395	0.0371772751677781
734	73.4	-1.96097841998562	0.0384655767120421
735	73.5	-1.89141013659537	0.0397538782563061
736	73.6	-1.77675129915588	0.04104217980057
737	73.7	-1.67111057252623	0.042330481344834
738	73.8	-1.5899475752376	0.0436187828890979
739	73.9	-1.51007287949324	0.0436187828890979
740	74	-1.4469461038243	0.0461953859776258
741	74.1	-1.37608951888978	0.0461953859776258
742	74.2	-1.3219808540307	0.0474836875218898
743	74.3	-1.30265633086674	0.0474836875218898
744	74.4	-1.23437634902075	0.0487719890661538
745	74.5	-1.18542089033872	0.0500602906104177
746	74.6	-1.11971751158126	0.0513485921546817
747	74.7	-1.06947375135496	0.0526368936989456
748	74.8	-1.03855451429263	0.0526368936989456
749	74.9	-1.01278848340735	0.0539251952432096
750	75	-0.980580944800749	0.0539251952432096
751	75.1	-0.927760581485927	0.0552134967874736
752	75.2	-0.881381725892425	0.0565017983317375
753	75.3	-0.838867774931714	0.0577900998760015
754	75.4	-0.786047411616892	0.0590784014202654
755	75.5	-0.728073842125013	0.0616550045087934
756	75.6	-0.698442906606942	0.0629433060530573
757	75.7	-0.668811971088871	0.0642316075973213
758	75.8	-0.637892734026536	0.0642316075973213
759	75.9	-0.615991607774049	0.0655199091415852
760	76	-0.582495767623186	0.0680965122301131
761	76.1	-0.556729736737907	0.0680965122301131
762	76.2	-0.524522198131308	0.0693848137743771
763	76.3	-0.503909373423085	0.0693848137743771
764	76.4	-0.483296548714861	0.071961416862905
765	76.5	-0.458818819373846	0.071961416862905
766	76.6	-0.433052788488567	0.073249718407169
767	76.7	-0.405998456059024	0.0745380199514329
768	76.8	-0.382809028262272	0.0758263214956969
769	76.9	-0.360907902009785	0.0771146230399609
770	77	-0.320970554137602	0.0784029245842248
771	77.1	-0.301646030973643	0.0796912261284888
772	77.2	-0.283609809353948	0.0809795276727527
773	77.3	-0.262996984645724	0.0822678292170167
774	77.4	-0.237230953760445	0.0822678292170167
775	77.5	-0.21275322441943	0.0835561307612807
776	77.6	-0.181833987357095	0.0848444323055446
777	77.7	-0.153491353383288	0.0861327338498086
778	77.8	-0.135455131763592	0.0874210353940725
779	77.9	-0.117418910143897	0.0887093369383365
780	78	-0.100670990068465	0.0899976384826005
781	78.1	-0.0877879746258259	0.0912859400268644
782	78.2	-0.0761932607274503	0.0912859400268644
783	78.3	-0.0658868483733386	0.0925742415711284
784	78.4	-0.0555804360192269	0.0938625431153923
785	78.5	-0.0491389282979071	0.0951508446596563
786	78.6	-0.0465623252093792	0.0951508446596563
787	78.7	-0.0401208174880594	0.0964391462039202
788	78.8	-0.0362559128552675	0.0977274477481842
789	78.9	-0.0336793097667396	0.0977274477481842
790	79	-0.0298144051339477	0.100304050836712
791	79.1	-0.0298144051339477	0.100304050836712
792	79.2	-0.0285261035896838	0.101592352380976
793	79.3	-0.0285261035896838	0.10288065392524
794	79.4	-0.0298144051339477	0.104168955469504
795	79.5	-0.0323910082224756	0.105457257013768
796	79.6	-0.0336793097667396	0.105457257013768
797	79.7	-0.0362559128552675	0.105457257013768
798	79.8	-0.0375442143995315	0.105457257013768
799	79.9	-0.0388325159437954	0.106745558558032
800	80	-0.0452740236651152	0.108033860102296
801	80.1	-0.0504272298421711	0.10932216164656
802	80.2	-0.0555804360192269	0.110610463190824
803	80.3	-0.0594453406520188	0.111898764735088
804	80.4	-0.0671751499176025	0.113187066279352
805	80.5	-0.0723283560946584	0.114475367823616
806	80.6	-0.0774815622717142	0.11576366936788
807	80.7	-0.08263476844877	0.11576366936788
808	80.8	-0.0877879746258259	0.118340272456408
809	80.9	-0.0903645777143538	0.118340272456408
810	81	-0.0916528792586178	0.119628574000672
811	81.1	-0.0955177838914096	0.120916875544935
812	81.2	-0.0942294823471457	0.120916875544935
813	81.3	-0.0993826885242015	0.122205177089199
814	81.4	-0.0980943869799376	0.123493478633463
815	81.5	-0.100670990068465	0.124781780177727
816	81.6	-0.105824196245521	0.126070081721991
817	81.7	-0.109689100878313	0.127358383266255
818	81.8	-0.112265703966841	0.128646684810519
819	81.9	-0.119995513232425	0.129934986354783
820	82	-0.122572116320953	0.131223287899047
821	82.1	-0.130301925586537	0.132511589443311
822	82.2	-0.139320036396384	0.132511589443311
823	82.3	-0.147049845661968	0.133799890987575
824	82.4	-0.153491353383288	0.135088192531839
825	82.5	-0.158644559560344	0.135088192531839
826	82.6	-0.165086067281663	0.136376494076103
827	82.7	-0.168950971914455	0.137664795620367
828	82.8	-0.170239273458719	0.137664795620367
829	82.9	-0.174104178091511	0.138953097164631
830	83	-0.171527575002983	0.138953097164631
831	83.1	-0.167662670370191	0.140241398708895
832	83.2	-0.165086067281663	0.140241398708895
833	83.3	-0.159932861104608	0.142818001797423
834	83.4	-0.152203051839024	0.142818001797423
835	83.5	-0.147049845661968	0.144106303341687
836	83.6	-0.139320036396384	0.145394604885951
837	83.7	-0.1315902271308	0.146682906430215
838	83.8	-0.127725322498009	0.146682906430215
839	83.9	-0.123860417865217	0.147971207974479
840	84	-0.122572116320953	0.149259509518743
841	84.1	-0.122572116320953	0.150547811063007
842	84.2	-0.122572116320953	0.150547811063007
843	84.3	-0.126437020953745	0.15183611260727
844	84.4	-0.125148719409481	0.15183611260727
845	84.5	-0.127725322498009	0.15183611260727
846	84.6	-0.130301925586537	0.153124414151534
847	84.7	-0.129013624042273	0.153124414151534
848	84.8	-0.132878528675064	0.154412715695798
849	84.9	-0.134166830219328	0.155701017240062
850	85	-0.132878528675064	0.156989318784326
851	85.1	-0.126437020953745	0.156989318784326
852	85.2	-0.126437020953745	0.156989318784326
853	85.3	-0.125148719409481	0.15827762032859
854	85.4	-0.117418910143897	0.159565921872854
855	85.5	-0.112265703966841	0.160854223417118
856	85.6	-0.0993826885242015	0.160854223417118
857	85.7	-0.0916528792586178	0.163430826505646
858	85.8	-0.0813464669045061	0.16471912804991
859	85.9	-0.0761932607274503	0.166007429594174
860	86	-0.0710400545503944	0.167295731138438
861	86.1	-0.0671751499176025	0.168584032682702
862	86.2	-0.0671751499176025	0.169872334226966
863	86.3	-0.0645985468290746	0.17116063577123
864	86.4	-0.0658868483733386	0.17116063577123
865	86.5	-0.0645985468290746	0.172448937315494
866	86.6	-0.0633102452848107	0.175025540404022
867	86.7	-0.0594453406520188	0.175025540404022
868	86.8	-0.0555804360192269	0.176313841948286
869	86.9	-0.053003832930699	0.176313841948286
870	87	-0.053003832930699	0.17760214349255
871	87.1	-0.0478506267536432	0.178890445036814
872	87.2	-0.0465623252093792	0.178890445036814
873	87.3	-0.0414091190323234	0.180178746581078
874	87.4	-0.0401208174880594	0.181467048125342
875	87.5	-0.0388325159437954	0.181467048125342
876	87.6	-0.0362559128552675	0.182755349669605
877	87.7	-0.0362559128552675	0.182755349669605
878	87.8	-0.0349676113110036	0.185331952758133
879	87.9	-0.0336793097667396	0.185331952758133
880	88	-0.0323910082224756	0.186620254302397
881	88.1	-0.0323910082224756	0.187908555846661
882	88.2	-0.0336793097667396	0.189196857390925
883	88.3	-0.0323910082224756	0.191773460479453
884	88.4	-0.0323910082224756	0.191773460479453
885	88.5	-0.0323910082224756	0.193061762023717
886	88.6	-0.0323910082224756	0.193061762023717
887	88.7	-0.0323910082224756	0.194350063567981
888	88.8	-0.0323910082224756	0.195638365112245
889	88.9	-0.0323910082224756	0.195638365112245
890	89	-0.0336793097667396	0.196926666656509
891	89.1	-0.0336793097667396	0.198214968200773
892	89.2	-0.0336793097667396	0.198214968200773
893	89.3	-0.0362559128552675	0.199503269745037
894	89.4	-0.0375442143995315	0.200791571289301
895	89.5	-0.0388325159437954	0.202079872833565
896	89.6	-0.0401208174880594	0.202079872833565
897	89.7	-0.0414091190323234	0.203368174377829
898	89.8	-0.0439857221208513	0.204656475922093
899	89.9	-0.0465623252093792	0.204656475922093
900	90	-0.0452740236651152	0.205944777466357
901	90.1	-0.0465623252093792	0.205944777466357
902	90.2	-0.0465623252093792	0.207233079010621
903	90.3	-0.0452740236651152	0.208521380554885
904	90.4	-0.0465623252093792	0.209809682099149
905	90.5	-0.0465623252093792	0.211097983643413
906	90.6	-0.0491389282979071	0.212386285187677
907	90.7	-0.0478506267536432	0.212386285187677
908	90.8	-0.051715531386435	0.214962888276204
909	90.9	-0.0555804360192269	0.214962888276204
910	91	-0.0581570391077548	0.216251189820468
911	91.1	-0.0620219437405467	0.217539491364732
912	91.2	-0.0645985468290746	0.218827792908996
913	91.3	-0.0658868483733386	0.22011609445326
914	91.4	-0.0620219437405467	0.221404395997524
915	91.5	-0.0607336421962827	0.221404395997524
916	91.6	-0.0594453406520188	0.222692697541788
917	91.7	-0.0568687375634909	0.223980999086052
918	91.8	-0.0581570391077548	0.223980999086052
919	91.9	-0.0581570391077548	0.225269300630316
920	92	-0.0568687375634909	0.22655760217458
921	92.1	-0.0620219437405467	0.227845903718844
922	92.2	-0.0633102452848107	0.227845903718844
923	92.3	-0.0658868483733386	0.227845903718844
924	92.4	-0.0697517530061305	0.229134205263108
925	92.5	-0.0736166576389223	0.230422506807372
926	92.6	-0.0736166576389223	0.230422506807372
927	92.7	-0.0710400545503944	0.2329991098959
928	92.8	-0.0697517530061305	0.2329991098959
929	92.9	-0.0658868483733386	0.2329991098959
930	93	-0.0633102452848107	0.234287411440164
931	93.1	-0.0607336421962827	0.235575712984428
932	93.2	-0.0607336421962827	0.236864014528692
933	93.3	-0.0594453406520188	0.236864014528692
934	93.4	-0.0607336421962827	0.238152316072956
935	93.5	-0.0620219437405467	0.23944061761722
936	93.6	-0.0658868483733386	0.240728919161484
937	93.7	-0.0671751499176025	0.240728919161484
938	93.8	-0.0684634514618665	0.242017220705748
939	93.9	-0.0671751499176025	0.243305522250012
940	94	-0.0633102452848107	0.244593823794276
941	94.1	-0.0607336421962827	0.244593823794276
942	94.2	-0.0555804360192269	0.245882125338539
943	94.3	-0.053003832930699	0.247170426882803
944	94.4	-0.0504272298421711	0.247170426882803
945	94.5	-0.051715531386435	0.248458728427067
946	94.6	-0.0504272298421711	0.248458728427067
947	94.7	-0.0504272298421711	0.249747029971331
948	94.8	-0.051715531386435	0.251035331515595
949	94.9	-0.051715531386435	0.252323633059859
950	95	-0.051715531386435	0.252323633059859
951	95.1	-0.051715531386435	0.253611934604123
952	95.2	-0.053003832930699	0.253611934604123
953	95.3	-0.0478506267536432	0.254900236148387
954	95.4	-0.0452740236651152	0.256188537692651
955	95.5	-0.0439857221208513	0.256188537692651
956	95.6	-0.0401208174880594	0.257476839236915
957	95.7	-0.0388325159437954	0.260053442325443
958	95.8	-0.0388325159437954	0.260053442325443
959	95.9	-0.0388325159437954	0.261341743869707
960	96	-0.0375442143995315	0.262630045413971
961	96.1	-0.0401208174880594	0.263918346958235
962	96.2	-0.0388325159437954	0.265206648502499
963	96.3	-0.0375442143995315	0.266494950046763
964	96.4	-0.0349676113110036	0.266494950046763
965	96.5	-0.0349676113110036	0.269071553135291
966	96.6	-0.0323910082224756	0.269071553135291
967	96.7	-0.0323910082224756	0.270359854679555
968	96.8	-0.0311027066782117	0.270359854679555
969	96.9	-0.0298144051339477	0.271648156223819
970	97	-0.0298144051339477	0.272936457768083
971	97.1	-0.0298144051339477	0.274224759312347
972	97.2	-0.0298144051339477	0.275513060856611
973	97.3	-0.0298144051339477	0.276801362400874
974	97.4	-0.0285261035896838	0.278089663945138
975	97.5	-0.0298144051339477	0.278089663945138
976	97.6	-0.0285261035896838	0.278089663945138
977	97.7	-0.0272378020454198	0.280666267033666
978	97.8	-0.0285261035896838	0.280666267033666
979	97.9	-0.0285261035896838	0.28195456857793
980	98	-0.0285261035896838	0.28195456857793
981	98.1	-0.0272378020454198	0.283242870122194
982	98.2	-0.0285261035896838	0.284531171666458
983	98.3	-0.0298144051339477	0.285819473210722
984	98.4	-0.0285261035896838	0.285819473210722
985	98.5	-0.0298144051339477	0.287107774754986
986	98.6	-0.0298144051339477	0.287107774754986
987	98.7	-0.0298144051339477	0.28839607629925
988	98.8	-0.0311027066782117	0.289684377843514
989	98.9	-0.0298144051339477	0.290972679387778
990	99	-0.0298144051339477	0.292260980932042
991	99.1	-0.0311027066782117	0.293549282476306
992	99.2	-0.0311027066782117	0.293549282476306
993	99.3	-0.0323910082224756	0.296125885564834
994	99.4	-0.0336793097667396	0.296125885564834
995	99.5	-0.0336793097667396	0.297414187109098
996	99.6	-0.0349676113110036	0.298702488653362
997	99.7	-0.0349676113110036	0.299990790197626
998	99.8	-0.0336793097667396	0.30127909174189
999	99.9	-0.0336793097667396	0.302567393286154
1000	100	-0.0323910082224756	0.303855694830418
1001	100.1	-0.0336793097667396	0.305143996374682
1002	100.2	-0.0349676113110036	0.305143996374682
1003	100.3	-0.0375442143995315	0.306432297918946
1004	100.4	-0.0401208174880594	0.30772059946321
1005	100.5	-0.0414091190323234	0.309008901007473
1006	100.6	-0.0401208174880594	0.309008901007473
1007	100.7	-0.0401208174880594	0.310297202551737
1008	100.8	-0.0375442143995315	0.311585504096001
1009	100.9	-0.0362559128552675	0.312873805640265
1010	101	-0.0375442143995315	0.314162107184529
1011	101.1	-0.0388325159437954	0.314162107184529
1012	101.2	-0.0388325159437954	0.315450408728793
1013	101.3	-0.0388325159437954	0.316738710273057
1014	101.4	-0.0414091190323234	0.316738710273057
1015	101.5	-0.0414091190323234	0.318027011817321
1016	101.6	-0.0439857221208513	0.318027011817321
1017	101.7	-0.0426974205765873	0.318027011817321
1018	101.8	-0.0426974205765873	0.319315313361585
1019	101.9	-0.0439857221208513	0.319315313361585
1020	102	-0.0439857221208513	0.319315313361585
1021	102.1	-0.0426974205765873	0.320603614905849
1022	102.2	-0.0401208174880594	0.321891916450113
1023	102.3	-0.0388325159437954	0.323180217994377
1024	102.4	-0.0401208174880594	0.324468519538641
1025	102.5	-0.0401208174880594	0.324468519538641
1026	102.6	-0.0426974205765873	0.325756821082905
1027	102.7	-0.0452740236651152	0.327045122627169
1028	102.8	-0.0452740236651152	0.327045122627169
1029	102.9	-0.0452740236651152	0.328333424171433
1030	103	-0.0426974205765873	0.329621725715697
1031	103.1	-0.0401208174880594	0.330910027259961
1032	103.2	-0.0388325159437954	0.332198328804225
1033	103.3	-0.0401208174880594	0.333486630348489
1034	103.4	-0.0426974205765873	0.334774931892753
1035	103.5	-0.0414091190323234	0.336063233437017
1036	103.6	-0.0414091190323234	0.337351534981281
1037	103.7	-0.0401208174880594	0.338639836525545
1038	103.8	-0.0375442143995315	0.339928138069808
1039	103.9	-0.0375442143995315	0.341216439614072
1040	104	-0.0362559128552675	0.342504741158336
1041	104.1	-0.0375442143995315	0.3437930427026
1042	104.2	-0.0388325159437954	0.345081344246864
1043	104.3	-0.0401208174880594	0.346369645791128
1044	104.4	-0.0388325159437954	0.347657947335392
1045	104.5	-0.0362559128552675	0.347657947335392
1046	104.6	-0.0362559128552675	0.348946248879656
1047	104.7	-0.0323910082224756	0.35023455042392
1048	104.8	-0.0336793097667396	0.35023455042392
1049	104.9	-0.0349676113110036	0.352811153512448
1050	105	-0.0323910082224756	0.354099455056712
1051	105.1	-0.0323910082224756	0.355387756600976
1052	105.2	-0.0311027066782117	0.35667605814524
1053	105.3	-0.0311027066782117	0.35667605814524
1054	105.4	-0.0285261035896838	0.357964359689504
1055	105.5	-0.0285261035896838	0.359252661233768
1056	105.6	-0.0298144051339477	0.360540962778032
1057	105.7	-0.0285261035896838	0.36311756586656
1058	105.8	-0.0298144051339477	0.364405867410824
1059	105.9	-0.0259495005011559	0.365694168955088
1060	106	-0.0272378020454198	0.366982470499352
1061	106.1	-0.0259495005011559	0.366982470499352
1062	106.2	-0.0272378020454198	0.36955907358788
1063	106.3	-0.0272378020454198	0.370847375132143
1064	106.4	-0.0259495005011559	0.372135676676407
1065	106.5	-0.0259495005011559	0.372135676676407
1066	106.6	-0.0259495005011559	0.373423978220671
1067	106.7	-0.0246611989568919	0.374712279764935
1068	106.8	-0.0259495005011559	0.376000581309199
1069	106.9	-0.0246611989568919	0.377288882853463
1070	107	-0.0246611989568919	0.377288882853463
1071	107.1	-0.0259495005011559	0.377288882853463
1072	107.2	-0.0246611989568919	0.379865485941991
1073	107.3	-0.0259495005011559	0.379865485941991
1074	107.4	-0.0259495005011559	0.381153787486255
1075	107.5	-0.0259495005011559	0.381153787486255
1076	107.6	-0.0246611989568919	0.381153787486255
1077	107.7	-0.0259495005011559	0.382442089030519
1078	107.8	-0.0259495005011559	0.382442089030519
1079	107.9	-0.0259495005011559	0.383730390574783
1080	108	-0.0259495005011559	0.385018692119047
1081	108.1	-0.0272378020454198	0.386306993663311
1082	108.2	-0.0285261035896838	0.388883596751839
1083	108.3	-0.0272378020454198	0.390171898296103
1084	108.4	-0.0285261035896838	0.391460199840367
1085	108.5	-0.0272378020454198	0.394036802928895
1086	108.6	-0.0298144051339477	0.394036802928895
1087	108.7	-0.0311027066782117	0.395325104473159
1088	108.8	-0.0285261035896838	0.396613406017423
1089	108.9	-0.0298144051339477	0.399190009105951
1090	109	-0.0298144051339477	0.399190009105951
1091	109.1	-0.0298144051339477	0.400478310650215
1092	109.2	-0.0298144051339477	0.401766612194479
1093	109.3	-0.0323910082224756	0.403054913738742
1094	109.4	-0.0323910082224756	0.404343215283006
1095	109.5	-0.0336793097667396	0.404343215283006
1096	109.6	-0.0336793097667396	0.404343215283006
1097	109.7	-0.0323910082224756	0.406919818371534
1098	109.8	-0.0323910082224756	0.408208119915798
1099	109.9	-0.0336793097667396	0.409496421460062
1100	110	-0.0336793097667396	0.410784723004326
1101	110.1	-0.0336793097667396	0.413361326092854
1102	110.2	-0.0349676113110036	0.413361326092854
1103	110.3	-0.0336793097667396	0.414649627637118
1104	110.4	-0.0336793097667396	0.415937929181382
1105	110.5	-0.0349676113110036	0.415937929181382
1106	110.6	-0.0375442143995315	0.417226230725646
1107	110.7	-0.0362559128552675	0.41851453226991
1108	110.8	-0.0362559128552675	0.419802833814174
1109	110.9	-0.0362559128552675	0.421091135358438
1110	111	-0.0336793097667396	0.422379436902702
1111	111.1	-0.0336793097667396	0.423667738446966
1112	111.2	-0.0349676113110036	0.42495603999123
1113	111.3	-0.0375442143995315	0.426244341535494
1114	111.4	-0.0362559128552675	0.427532643079758
1115	111.5	-0.0362559128552675	0.428820944624022
1116	111.6	-0.0362559128552675	0.430109246168286
1117	111.7	-0.0349676113110036	0.43139754771255
1118	111.8	-0.0362559128552675	0.432685849256814
1119	111.9	-0.0375442143995315	0.433974150801077
1120	112	-0.0362559128552675	0.435262452345341
1121	112.1	-0.0349676113110036	0.436550753889605
1122	112.2	-0.0336793097667396	0.437839055433869
1123	112.3	-0.0336793097667396	0.437839055433869
1124	112.4	-0.0336793097667396	0.440415658522397
1125	112.5	-0.0349676113110036	0.441703960066661
1126	112.6	-0.0349676113110036	0.442992261610925
1127	112.7	-0.0323910082224756	0.445568864699453
1128	112.8	-0.0323910082224756	0.446857166243717
1129	112.9	-0.0323910082224756	0.448145467787981
1130	113	-0.0336793097667396	0.449433769332245
1131	113.1	-0.0323910082224756	0.450722070876509
1132	113.2	-0.0298144051339477	0.452010372420773
1133	113.3	-0.0298144051339477	0.453298673965037
1134	113.4	-0.0311027066782117	0.455875277053565
1135	113.5	-0.0311027066782117	0.457163578597829
1136	113.6	-0.0311027066782117	0.457163578597829
1137	113.7	-0.0298144051339477	0.458451880142093
1138	113.8	-0.0311027066782117	0.458451880142093
1139	113.9	-0.0311027066782117	0.459740181686357
1140	114	-0.0285261035896838	0.461028483230621
1141	114.1	-0.0298144051339477	0.463605086319149
1142	114.2	-0.0298144051339477	0.464893387863412
1143	114.3	-0.0285261035896838	0.466181689407676
1144	114.4	-0.0298144051339477	0.466181689407676
1145	114.5	-0.0272378020454198	0.46746999095194
1146	114.6	-0.0285261035896838	0.470046594040468
1147	114.7	-0.0285261035896838	0.470046594040468
1148	114.8	-0.0272378020454198	0.47391149867326
1149	114.9	-0.0285261035896838	0.475199800217524
1150	115	-0.0285261035896838	0.476488101761788
1151	115.1	-0.0285261035896838	0.477776403306052
1152	115.2	-0.0285261035896838	0.479064704850316
1153	115.3	-0.0272378020454198	0.48035300639458
1154	115.4	-0.0285261035896838	0.481641307938844
1155	115.5	-0.0285261035896838	0.484217911027372
1156	115.6	-0.0285261035896838	0.485506212571636
1157	115.7	-0.0298144051339477	0.485506212571636
1158	115.8	-0.0285261035896838	0.488082815660164
1159	115.9	-0.0298144051339477	0.488082815660164
1160	116	-0.0298144051339477	0.490659418748692
1161	116.1	-0.0285261035896838	0.491947720292956
1162	116.2	-0.0285261035896838	0.494524323381484
1163	116.3	-0.0298144051339477	0.495812624925748
1164	116.4	-0.0311027066782117	0.497100926470011
1165	116.5	-0.0311027066782117	0.498389228014275
1166	116.6	-0.0298144051339477	0.499677529558539
1167	116.7	-0.0311027066782117	0.499677529558539
1168	116.8	-0.0298144051339477	0.500965831102803
1169	116.9	-0.0311027066782117	0.502254132647067
1170	117	-0.0323910082224756	0.503542434191331
1171	117.1	-0.0323910082224756	0.504830735735595
1172	117.2	-0.0323910082224756	0.506119037279859
1173	117.3	-0.0311027066782117	0.507407338824123
1174	117.4	-0.0323910082224756	0.508695640368387
1175	117.5	-0.0336793097667396	0.509983941912651
1176	117.6	-0.0349676113110036	0.511272243456915
1177	117.7	-0.0323910082224756	0.512560545001179
1178	117.8	-0.0336793097667396	0.513848846545443
1179	117.9	-0.0336793097667396	0.515137148089707
1180	118	-0.0336793097667396	0.517713751178235
1181	118.1	-0.0336793097667396	0.517713751178235
1182	118.2	-0.0336793097667396	0.520290354266763
1183	118.3	-0.0336793097667396	0.520290354266763
1184	118.4	-0.0336793097667396	0.521578655811027
1185	118.5	-0.0362559128552675	0.521578655811027
1186	118.6	-0.0349676113110036	0.524155258899555
1187	118.7	-0.0349676113110036	0.524155258899555
1188	118.8	-0.0336793097667396	0.526731861988083
1189	118.9	-0.0375442143995315	0.528020163532346
1190	119	-0.0349676113110036	0.528020163532346
1191	119.1	-0.0336793097667396	0.530596766620874
1192	119.2	-0.0336793097667396	0.531885068165138
1193	119.3	-0.0336793097667396	0.534461671253666
1194	119.4	-0.0362559128552675	0.53574997279793
1195	119.5	-0.0362559128552675	0.537038274342194
1196	119.6	-0.0362559128552675	0.538326575886458
1197	119.7	-0.0323910082224756	0.539614877430722
1198	119.8	-0.0323910082224756	0.539614877430722
1199	119.9	-0.0349676113110036	0.539614877430722
1200	120	-0.0336793097667396	0.539614877430722
1201	120.1	-0.0323910082224756	0.539614877430722
1202	120.2	-0.0336793097667396	0.539614877430722
1203	120.3	-0.0336793097667396	0.539614877430722
1204	120.4	-0.0336793097667396	0.540903178974986
1205	120.5	-0.0349676113110036	0.540903178974986
1206	120.6	-0.0336793097667396	0.54219148051925
1207	120.7	-0.0336793097667396	0.54219148051925
1208	120.8	-0.0323910082224756	0.543479782063514
1209	120.9	-0.0336793097667396	0.546056385152042
1210	121	-0.0349676113110036	0.547344686696306
1211	121.1	-0.0349676113110036	0.549921289784834
1212	121.2	-0.0323910082224756	0.551209591329098
1213	121.3	-0.0323910082224756	0.551209591329098
1214	121.4	-0.0311027066782117	0.552497892873362
1215	121.5	-0.0323910082224756	0.553786194417626
1216	121.6	-0.0311027066782117	0.553786194417626
1217	121.7	-0.0298144051339477	0.55507449596189
1218	121.8	-0.0311027066782117	0.556362797506154
1219	121.9	-0.0298144051339477	0.557651099050418
1220	122	-0.0323910082224756	0.558939400594682
1221	122.1	-0.0311027066782117	0.558939400594682
1222	122.2	-0.0311027066782117	0.560227702138945
1223	122.3	-0.0298144051339477	0.562804305227473
1224	122.4	-0.0298144051339477	0.564092606771737
1225	122.5	-0.0298144051339477	0.565380908316001
1226	122.6	-0.0298144051339477	0.567957511404529
1227	122.7	-0.0285261035896838	0.569245812948793
1228	122.8	-0.0298144051339477	0.570534114493057
1229	122.9	-0.0298144051339477	0.571822416037321
1230	123	-0.0298144051339477	0.573110717581585
1231	123.1	-0.0285261035896838	0.574399019125849
1232	123.2	-0.0298144051339477	0.575687320670113
1233	123.3	-0.0285261035896838	0.576975622214377
1234	123.4	-0.0298144051339477	0.578263923758641
1235	123.5	-0.0298144051339477	0.579552225302905
1236	123.6	-0.0285261035896838	0.580840526847169
1237	123.7	-0.0298144051339477	0.583417129935697
1238	123.8	-0.0298144051339477	0.584705431479961
1239	123.9	-0.0285261035896838	0.585993733024225
1240	124	-0.0298144051339477	0.587282034568489
1241	124.1	-0.0298144051339477	0.588570336112753
1242	124.2	-0.0298144051339477	0.589858637657017
1243	124.3	-0.0298144051339477	0.59114693920128
1244	124.4	-0.0298144051339477	0.592435240745544
1245	124.5	-0.0298144051339477	0.595011843834072
1246	124.6	-0.0298144051339477	0.595011843834072
1247	124.7	-0.0298144051339477	0.595011843834072
1248	124.8	-0.0285261035896838	0.598876748466864
1249	124.9	-0.0311027066782117	0.598876748466864
1250	125	-0.0298144051339477	0.600165050011128
1251	125.1	-0.0285261035896838	0.601453351555392
1252	125.2	-0.0298144051339477	0.60402995464392
1253	125.3	-0.0298144051339477	0.60402995464392
1254	125.4	-0.0298144051339477	0.60402995464392
1255	125.5	-0.0311027066782117	0.606606557732448
1256	125.6	-0.0298144051339477	0.607894859276712
1257	125.7	-0.0311027066782117	0.609183160820976
1258	125.8	-0.0323910082224756	0.609183160820976
1259	125.9	-0.0311027066782117	0.611759763909504
1260	126	-0.0285261035896838	0.613048065453768
1261	126.1	-0.0311027066782117	0.614336366998032
1262	126.2	-0.0311027066782117	0.615624668542296
1263	126.3	-0.0311027066782117	0.61691297008656
1264	126.4	-0.0311027066782117	0.618201271630824
1265	126.5	-0.0311027066782117	0.619489573175088
1266	126.6	-0.0311027066782117	0.620777874719352
1267	126.7	-0.0311027066782117	0.620777874719352
1268	126.8	-0.0311027066782117	0.622066176263615
1269	126.9	-0.0311027066782117	0.623354477807879
1270	127	-0.0311027066782117	0.624642779352143
1271	127.1	-0.0311027066782117	0.624642779352143
1272	127.2	-0.0323910082224756	0.625931080896407
1273	127.3	-0.0311027066782117	0.628507683984935
1274	127.4	-0.0298144051339477	0.628507683984935
1275	127.5	-0.0311027066782117	0.629795985529199
1276	127.6	-0.0311027066782117	0.631084287073463
1277	127.7	-0.0298144051339477	0.632372588617727
1278	127.8	-0.0298144051339477	0.634949191706255
1279	127.9	-0.0298144051339477	0.636237493250519
1280	128	-0.0298144051339477	0.637525794794783
1281	128.1	-0.0311027066782117	0.637525794794783
1282	128.2	-0.0298144051339477	0.638814096339047
1283	128.3	-0.0285261035896838	0.640102397883311
1284	128.4	-0.0298144051339477	0.642679000971839
1285	128.5	-0.0311027066782117	0.642679000971839
1286	128.6	-0.0298144051339477	0.643967302516103
1287	128.7	-0.0285261035896838	0.645255604060367
1288	128.8	-0.0298144051339477	0.646543905604631
1289	128.9	-0.0285261035896838	0.647832207148895
1290	129	-0.0285261035896838	0.649120508693159
1291	129.1	-0.0285261035896838	0.649120508693159
1292	129.2	-0.0285261035896838	0.650408810237423
1293	129.3	-0.0272378020454198	0.651697111781687
1294	129.4	-0.0285261035896838	0.652985413325951
1295	129.5	-0.0272378020454198	0.655562016414478
1296	129.6	-0.0272378020454198	0.656850317958742
1297	129.7	-0.0285261035896838	0.658138619503006
1298	129.8	-0.0259495005011559	0.65942692104727
1299	129.9	-0.0272378020454198	0.662003524135798
1300	130	-0.0259495005011559	0.662003524135798
1301	130.1	-0.0259495005011559	0.663291825680062
1302	130.2	-0.0272378020454198	0.664580127224326
1303	130.3	-0.0259495005011559	0.664580127224326
1304	130.4	-0.0259495005011559	0.66586842876859
1305	130.5	-0.0259495005011559	0.667156730312854
1306	130.6	-0.0259495005011559	0.668445031857118
1307	130.7	-0.0259495005011559	0.668445031857118
1308	130.8	-0.0259495005011559	0.669733333401382
1309	130.9	-0.0259495005011559	0.671021634945646
1310	131	-0.0246611989568919	0.671021634945646
1311	131.1	-0.0246611989568919	0.671021634945646
1312	131.2	-0.0246611989568919	0.671021634945646
1313	131.3	-0.0246611989568919	0.67230993648991
1314	131.4	-0.0246611989568919	0.67230993648991
1315	131.5	-0.0246611989568919	0.67230993648991
1316	131.6	-0.0246611989568919	0.67230993648991
1317	131.7	-0.0259495005011559	0.67230993648991
1318	131.8	-0.0246611989568919	0.67230993648991
1319	131.9	-0.0246611989568919	0.67230993648991
1320	132	-0.0246611989568919	0.673598238034174
1321	132.1	-0.0246611989568919	0.67230993648991
1322	132.2	-0.0246611989568919	0.67230993648991
1323	132.3	-0.0233728974126279	0.673598238034174
1324	132.4	-0.0246611989568919	0.67230993648991
1325	132.5	-0.0233728974126279	0.673598238034174
1326	132.6	-0.0233728974126279	0.673598238034174
1327	132.7	-0.0246611989568919	0.673598238034174
1328	132.8	-0.0246611989568919	0.673598238034174
1329	132.9	-0.0233728974126279	0.673598238034174
1330	133	-0.0233728974126279	0.673598238034174
