Number of measurement points: 1921
Sample Rate (Hz): 10
Low limit Ch0 (V): -10
Upper limit Ch0 (V): 10
Low limit Ch1 (V): -10
Upper limit Ch1 (V): 10

Index	Time[s]	Ch0[V]	Ch1[V]
0	0	-0.0620219437405467	-0.568324450636283
1	0.1	-0.0195079927798361	-0.568324450636283
2	0.2	-0.022084595868364	-0.568324450636283
3	0.3	-0.0207962943241	-0.569612752180547
4	0.4	-0.0207962943241	-0.568324450636283
5	0.5	-0.0207962943241	-0.568324450636283
6	0.6	-0.0195079927798361	-0.568324450636283
7	0.7	-0.022084595868364	-0.568324450636283
8	0.8	-0.0207962943241	-0.568324450636283
9	0.9	-0.0207962943241	-0.568324450636283
10	1	-0.0207962943241	-0.569612752180547
11	1.1	-0.022084595868364	-0.568324450636283
12	1.2	-0.022084595868364	-0.568324450636283
13	1.3	-0.0207962943241	-0.569612752180547
14	1.4	-0.0195079927798361	-0.568324450636283
15	1.5	-0.0207962943241	-0.568324450636283
16	1.6	-0.0195079927798361	-0.568324450636283
17	1.7	-0.0207962943241	-0.568324450636283
18	1.8	-0.0195079927798361	-0.568324450636283
19	1.9	-0.0207962943241	-0.568324450636283
20	2	-0.0207962943241	-0.568324450636283
21	2.1	-0.0195079927798361	-0.568324450636283
22	2.2	-0.022084595868364	-0.568324450636283
23	2.3	-0.0195079927798361	-0.568324450636283
24	2.4	-0.0207962943241	-0.568324450636283
25	2.5	-0.0195079927798361	-0.568324450636283
26	2.6	-0.0207962943241	-0.568324450636283
27	2.7	-0.0195079927798361	-0.568324450636283
28	2.8	-0.0207962943241	-0.568324450636283
29	2.9	-0.0195079927798361	-0.568324450636283
30	3	-0.0207962943241	-0.567036149092019
31	3.1	-0.0195079927798361	-0.567036149092019
32	3.2	-0.0207962943241	-0.565747847547755
33	3.3	-0.0195079927798361	-0.565747847547755
34	3.4	-0.0207962943241	-0.564459546003491
35	3.5	-0.0195079927798361	-0.564459546003491
36	3.6	-0.0207962943241	-0.563171244459227
37	3.7	-0.0195079927798361	-0.561882942914963
38	3.8	-0.0207962943241	-0.561882942914963
39	3.9	-0.0207962943241	-0.560594641370699
40	4	-0.0207962943241	-0.559306339826435
41	4.1	-0.0195079927798361	-0.559306339826435
42	4.2	-0.0207962943241	-0.558018038282171
43	4.3	-0.0195079927798361	-0.558018038282171
44	4.4	-0.0207962943241	-0.556729736737907
45	4.5	-0.0207962943241	-0.556729736737907
46	4.6	-0.0195079927798361	-0.555441435193643
47	4.7	-0.0207962943241	-0.554153133649379
48	4.8	-0.0195079927798361	-0.552864832105115
49	4.9	-0.0207962943241	-0.552864832105115
50	5	-0.0195079927798361	-0.551576530560851
51	5.1	-0.0207962943241	-0.551576530560851
52	5.2	-0.0207962943241	-0.550288229016587
53	5.3	-0.0207962943241	-0.548999927472323
54	5.4	-0.0207962943241	-0.548999927472323
55	5.5	-0.0207962943241	-0.548999927472323
56	5.6	-0.0207962943241	-0.547711625928059
57	5.7	-0.0207962943241	-0.546423324383795
58	5.8	-0.0207962943241	-0.546423324383795
59	5.9	-0.0207962943241	-0.545135022839531
60	6	-0.0207962943241	-0.545135022839531
61	6.1	-0.0195079927798361	-0.543846721295267
62	6.2	-0.0207962943241	-0.542558419751003
63	6.3	-0.0207962943241	-0.541270118206739
64	6.4	-0.0207962943241	-0.541270118206739
65	6.5	-0.0207962943241	-0.538693515118212
66	6.6	-0.0207962943241	-0.538693515118212
67	6.7	-0.0195079927798361	-0.538693515118212
68	6.8	-0.0207962943241	-0.537405213573948
69	6.9	-0.0195079927798361	-0.536116912029684
70	7	-0.0207962943241	-0.53482861048542
71	7.1	-0.0207962943241	-0.53482861048542
72	7.2	-0.0207962943241	-0.533540308941156
73	7.3	-0.0195079927798361	-0.533540308941156
74	7.4	-0.0207962943241	-0.532252007396892
75	7.5	-0.0195079927798361	-0.530963705852628
76	7.6	-0.0207962943241	-0.529675404308364
77	7.7	-0.0207962943241	-0.529675404308364
78	7.8	-0.0195079927798361	-0.5283871027641
79	7.9	-0.0207962943241	-0.527098801219836
80	8	-0.0207962943241	-0.527098801219836
81	8.1	-0.0195079927798361	-0.525810499675572
82	8.2	-0.0195079927798361	-0.524522198131308
83	8.3	-0.0207962943241	-0.524522198131308
84	8.4	-0.0207962943241	-0.52194559504278
85	8.5	-0.0207962943241	-0.52194559504278
86	8.6	-0.0195079927798361	-0.520657293498516
87	8.7	-0.0207962943241	-0.520657293498516
88	8.8	-0.0207962943241	-0.519368991954252
89	8.9	-0.0207962943241	-0.518080690409988
90	9	-0.0195079927798361	-0.518080690409988
91	9.1	-0.0207962943241	-0.516792388865724
92	9.2	-0.0207962943241	-0.51550408732146
93	9.3	-0.0207962943241	-0.51550408732146
94	9.4	-0.0207962943241	-0.514215785777196
95	9.5	-0.0195079927798361	-0.512927484232932
96	9.6	-0.022084595868364	-0.512927484232932
97	9.7	-0.0207962943241	-0.511639182688668
98	9.8	-0.0207962943241	-0.511639182688668
99	9.9	-0.0207962943241	-0.510350881144404
100	10	-0.0207962943241	-0.50906257960014
101	10.1	-0.0207962943241	-0.50906257960014
102	10.2	-0.022084595868364	-0.507774278055876
103	10.3	-0.022084595868364	-0.506485976511613
104	10.4	-0.0207962943241	-0.506485976511613
105	10.5	-0.0207962943241	-0.505197674967349
106	10.6	-0.0207962943241	-0.503909373423085
107	10.7	-0.0207962943241	-0.503909373423085
108	10.8	-0.022084595868364	-0.503909373423085
109	10.9	-0.0207962943241	-0.502621071878821
110	11	-0.0207962943241	-0.502621071878821
111	11.1	-0.0207962943241	-0.501332770334557
112	11.2	-0.0195079927798361	-0.500044468790293
113	11.3	-0.0207962943241	-0.498756167246029
114	11.4	-0.0195079927798361	-0.498756167246029
115	11.5	-0.0195079927798361	-0.497467865701765
116	11.6	-0.0207962943241	-0.496179564157501
117	11.7	-0.0207962943241	-0.496179564157501
118	11.8	-0.0195079927798361	-0.494891262613237
119	11.9	-0.0207962943241	-0.493602961068973
120	12	-0.0207962943241	-0.493602961068973
121	12.1	-0.0207962943241	-0.492314659524709
122	12.2	-0.0207962943241	-0.491026357980445
123	12.3	-0.0195079927798361	-0.491026357980445
124	12.4	-0.0207962943241	-0.491026357980445
125	12.5	-0.0195079927798361	-0.489738056436181
126	12.6	-0.0207962943241	-0.488449754891917
127	12.7	-0.0195079927798361	-0.487161453347653
128	12.8	-0.0207962943241	-0.487161453347653
129	12.9	-0.022084595868364	-0.485873151803389
130	13	-0.0207962943241	-0.485873151803389
131	13.1	-0.0207962943241	-0.484584850259125
132	13.2	-0.0195079927798361	-0.484584850259125
133	13.3	-0.0207962943241	-0.484584850259125
134	13.4	-0.022084595868364	-0.483296548714861
135	13.5	-0.0195079927798361	-0.482008247170597
136	13.6	-0.022084595868364	-0.482008247170597
137	13.7	-0.0207962943241	-0.482008247170597
138	13.8	-0.0207962943241	-0.482008247170597
139	13.9	-0.0195079927798361	-0.480719945626333
140	14	-0.0195079927798361	-0.479431644082069
141	14.1	-0.0207962943241	-0.479431644082069
142	14.2	-0.0207962943241	-0.479431644082069
143	14.3	-0.0207962943241	-0.478143342537805
144	14.4	-0.0207962943241	-0.476855040993541
145	14.5	-0.0195079927798361	-0.476855040993541
146	14.6	-0.0207962943241	-0.475566739449278
147	14.7	-0.0207962943241	-0.475566739449278
148	14.8	-0.0207962943241	-0.475566739449278
149	14.9	-0.0207962943241	-0.474278437905014
150	15	-0.0207962943241	-0.47299013636075
151	15.1	-0.0207962943241	-0.471701834816486
152	15.2	-0.0195079927798361	-0.471701834816486
153	15.3	-0.0207962943241	-0.470413533272222
154	15.4	-0.0207962943241	-0.470413533272222
155	15.5	-0.0195079927798361	-0.469125231727958
156	15.6	-0.0195079927798361	-0.469125231727958
157	15.7	-0.0195079927798361	-0.469125231727958
158	15.8	-0.0207962943241	-0.46654862863943
159	15.9	-0.0207962943241	-0.46654862863943
160	16	-0.0195079927798361	-0.465260327095166
161	16.1	-0.0207962943241	-0.465260327095166
162	16.2	-0.0207962943241	-0.463972025550902
163	16.3	-0.0207962943241	-0.463972025550902
164	16.4	-0.0207962943241	-0.463972025550902
165	16.5	-0.0195079927798361	-0.462683724006638
166	16.6	-0.0207962943241	-0.462683724006638
167	16.7	-0.0207962943241	-0.46010712091811
168	16.8	-0.022084595868364	-0.46010712091811
169	16.9	-0.0195079927798361	-0.46010712091811
170	17	-0.0207962943241	-0.46010712091811
171	17.1	-0.0207962943241	-0.458818819373846
172	17.2	-0.0207962943241	-0.457530517829582
173	17.3	-0.0207962943241	-0.457530517829582
174	17.4	-0.0207962943241	-0.456242216285318
175	17.5	-0.0207962943241	-0.456242216285318
176	17.6	-0.0207962943241	-0.454953914741054
177	17.7	-0.0207962943241	-0.454953914741054
178	17.8	-0.0207962943241	-0.45366561319679
179	17.9	-0.0207962943241	-0.45366561319679
180	18	-0.0207962943241	-0.452377311652526
181	18.1	-0.0207962943241	-0.452377311652526
182	18.2	-0.0207962943241	-0.451089010108262
183	18.3	-0.0207962943241	-0.451089010108262
184	18.4	-0.0195079927798361	-0.449800708563998
185	18.5	-0.022084595868364	-0.449800708563998
186	18.6	-0.0207962943241	-0.448512407019734
187	18.7	-0.0207962943241	-0.44722410547547
188	18.8	-0.0207962943241	-0.44722410547547
189	18.9	-0.0207962943241	-0.445935803931206
190	19	-0.0207962943241	-0.444647502386943
191	19.1	-0.0207962943241	-0.444647502386943
192	19.2	-0.0207962943241	-0.444647502386943
193	19.3	-0.022084595868364	-0.443359200842679
194	19.4	-0.0207962943241	-0.443359200842679
195	19.5	-0.0207962943241	-0.443359200842679
196	19.6	-0.0207962943241	-0.443359200842679
197	19.7	-0.0207962943241	-0.443359200842679
198	19.8	-0.0207962943241	-0.440782597754151
199	19.9	-0.0207962943241	-0.440782597754151
200	20	-0.0207962943241	-0.440782597754151
201	20.1	-0.0207962943241	-0.439494296209887
202	20.2	-0.0207962943241	-0.439494296209887
203	20.3	-0.0207962943241	-0.439494296209887
204	20.4	-0.0195079927798361	-0.436917693121359
205	20.5	-0.0207962943241	-0.436917693121359
206	20.6	-0.0195079927798361	-0.435629391577095
207	20.7	-0.0207962943241	-0.435629391577095
208	20.8	-0.0207962943241	-0.434341090032831
209	20.9	-0.022084595868364	-0.434341090032831
210	21	-0.0195079927798361	-0.434341090032831
211	21.1	-0.0207962943241	-0.434341090032831
212	21.2	-0.022084595868364	-0.433052788488567
213	21.3	-0.0195079927798361	-0.433052788488567
214	21.4	-0.022084595868364	-0.431764486944303
215	21.5	-0.0195079927798361	-0.431764486944303
216	21.6	-0.0195079927798361	-0.430476185400039
217	21.7	-0.0207962943241	-0.430476185400039
218	21.8	-0.0207962943241	-0.430476185400039
219	21.9	-0.0195079927798361	-0.429187883855775
220	22	-0.0195079927798361	-0.429187883855775
221	22.1	-0.0207962943241	-0.427899582311511
222	22.2	-0.0195079927798361	-0.427899582311511
223	22.3	-0.0207962943241	-0.426611280767247
224	22.4	-0.0207962943241	-0.425322979222983
225	22.5	-0.0207962943241	-0.425322979222983
226	22.6	-0.0207962943241	-0.424034677678719
227	22.7	-0.0207962943241	-0.422746376134455
228	22.8	-0.0207962943241	-0.422746376134455
229	22.9	-0.0207962943241	-0.422746376134455
230	23	-0.0207962943241	-0.421458074590191
231	23.1	-0.0207962943241	-0.420169773045927
232	23.2	-0.0207962943241	-0.418881471501663
233	23.3	-0.022084595868364	-0.418881471501663
234	23.4	-0.0195079927798361	-0.418881471501663
235	23.5	-0.022084595868364	-0.417593169957399
236	23.6	-0.0195079927798361	-0.416304868413135
237	23.7	-0.0207962943241	-0.415016566868871
238	23.8	-0.0207962943241	-0.415016566868871
239	23.9	-0.0207962943241	-0.415016566868871
240	24	-0.022084595868364	-0.413728265324607
241	24.1	-0.0207962943241	-0.413728265324607
242	24.2	-0.0207962943241	-0.413728265324607
243	24.3	-0.0207962943241	-0.412439963780344
244	24.4	-0.022084595868364	-0.41115166223608
245	24.5	-0.0207962943241	-0.41115166223608
246	24.6	-0.0207962943241	-0.41115166223608
247	24.7	-0.0207962943241	-0.409863360691816
248	24.8	-0.022084595868364	-0.408575059147552
249	24.9	-0.0207962943241	-0.408575059147552
250	25	-0.0207962943241	-0.407286757603288
251	25.1	-0.0207962943241	-0.407286757603288
252	25.2	-0.0207962943241	-0.407286757603288
253	25.3	-0.0207962943241	-0.405998456059024
254	25.4	-0.022084595868364	-0.405998456059024
255	25.5	-0.0207962943241	-0.405998456059024
256	25.6	-0.0207962943241	-0.405998456059024
257	25.7	-0.022084595868364	-0.405998456059024
258	25.8	-0.0207962943241	-0.40471015451476
259	25.9	-0.022084595868364	-0.403421852970496
260	26	-0.0207962943241	-0.403421852970496
261	26.1	-0.0207962943241	-0.403421852970496
262	26.2	-0.0207962943241	-0.402133551426232
263	26.3	-0.0207962943241	-0.400845249881968
264	26.4	-0.022084595868364	-0.400845249881968
265	26.5	-0.0207962943241	-0.400845249881968
266	26.6	-0.022084595868364	-0.399556948337704
267	26.7	-0.0195079927798361	-0.39826864679344
268	26.8	-0.0207962943241	-0.39826864679344
269	26.9	-0.0207962943241	-0.39826864679344
270	27	-0.0207962943241	-0.396980345249176
271	27.1	-0.022084595868364	-0.396980345249176
272	27.2	-0.0207962943241	-0.395692043704912
273	27.3	-0.022084595868364	-0.394403742160648
274	27.4	-0.0195079927798361	-0.394403742160648
275	27.5	-0.0207962943241	-0.39182713907212
276	27.6	-0.0207962943241	-0.390538837527856
277	27.7	-0.022084595868364	-0.390538837527856
278	27.8	-0.0195079927798361	-0.389250535983592
279	27.9	-0.022084595868364	-0.387962234439328
280	28	-0.022084595868364	-0.387962234439328
281	28.1	-0.022084595868364	-0.386673932895064
282	28.2	-0.022084595868364	-0.386673932895064
283	28.3	-0.0207962943241	-0.3853856313508
284	28.4	-0.022084595868364	-0.3853856313508
285	28.5	-0.0207962943241	-0.384097329806536
286	28.6	-0.0233728974126279	-0.384097329806536
287	28.7	-0.0207962943241	-0.382809028262272
288	28.8	-0.022084595868364	-0.382809028262272
289	28.9	-0.022084595868364	-0.381520726718009
290	29	-0.022084595868364	-0.381520726718009
291	29.1	-0.022084595868364	-0.381520726718009
292	29.2	-0.022084595868364	-0.381520726718009
293	29.3	-0.022084595868364	-0.380232425173745
294	29.4	-0.022084595868364	-0.378944123629481
295	29.5	-0.0207962943241	-0.377655822085217
296	29.6	-0.022084595868364	-0.377655822085217
297	29.7	-0.0207962943241	-0.375079218996689
298	29.8	-0.022084595868364	-0.375079218996689
299	29.9	-0.0207962943241	-0.373790917452425
300	30	-0.0207962943241	-0.373790917452425
301	30.1	-0.0207962943241	-0.373790917452425
302	30.2	-0.0207962943241	-0.372502615908161
303	30.3	-0.022084595868364	-0.371214314363897
304	30.4	-0.0207962943241	-0.369926012819633
305	30.5	-0.022084595868364	-0.369926012819633
306	30.6	-0.0207962943241	-0.369926012819633
307	30.7	-0.0233728974126279	-0.368637711275369
308	30.8	-0.022084595868364	-0.368637711275369
309	30.9	-0.0233728974126279	-0.367349409731105
310	31	-0.0233728974126279	-0.366061108186841
311	31.1	-0.022084595868364	-0.366061108186841
312	31.2	-0.022084595868364	-0.364772806642577
313	31.3	-0.0233728974126279	-0.364772806642577
314	31.4	-0.022084595868364	-0.363484505098313
315	31.5	-0.0233728974126279	-0.362196203554049
316	31.6	-0.022084595868364	-0.360907902009785
317	31.7	-0.0233728974126279	-0.360907902009785
318	31.8	-0.022084595868364	-0.358331298921257
319	31.9	-0.0233728974126279	-0.358331298921257
320	32	-0.022084595868364	-0.357042997376993
321	32.1	-0.0233728974126279	-0.357042997376993
322	32.2	-0.022084595868364	-0.355754695832729
323	32.3	-0.022084595868364	-0.354466394288465
324	32.4	-0.022084595868364	-0.354466394288465
325	32.5	-0.0233728974126279	-0.354466394288465
326	32.6	-0.022084595868364	-0.354466394288465
327	32.7	-0.0233728974126279	-0.353178092744201
328	32.8	-0.0233728974126279	-0.353178092744201
329	32.9	-0.022084595868364	-0.351889791199937
330	33	-0.0233728974126279	-0.350601489655674
331	33.1	-0.022084595868364	-0.34931318811141
332	33.2	-0.0233728974126279	-0.348024886567146
333	33.3	-0.0246611989568919	-0.348024886567146
334	33.4	-0.022084595868364	-0.346736585022882
335	33.5	-0.0233728974126279	-0.346736585022882
336	33.6	-0.0233728974126279	-0.346736585022882
337	33.7	-0.022084595868364	-0.345448283478618
338	33.8	-0.0233728974126279	-0.345448283478618
339	33.9	-0.0233728974126279	-0.344159981934354
340	34	-0.0233728974126279	-0.344159981934354
341	34.1	-0.0233728974126279	-0.34287168039009
342	34.2	-0.0233728974126279	-0.34287168039009
343	34.3	-0.0233728974126279	-0.34287168039009
344	34.4	-0.0246611989568919	-0.34287168039009
345	34.5	-0.0233728974126279	-0.341583378845826
346	34.6	-0.0246611989568919	-0.341583378845826
347	34.7	-0.0233728974126279	-0.340295077301562
348	34.8	-0.0246611989568919	-0.340295077301562
349	34.9	-0.0233728974126279	-0.339006775757298
350	35	-0.0233728974126279	-0.340295077301562
351	35.1	-0.0246611989568919	-0.339006775757298
352	35.2	-0.0233728974126279	-0.339006775757298
353	35.3	-0.0246611989568919	-0.337718474213034
354	35.4	-0.0246611989568919	-0.337718474213034
355	35.5	-0.0259495005011559	-0.33643017266877
356	35.6	-0.0246611989568919	-0.33643017266877
357	35.7	-0.0259495005011559	-0.33643017266877
358	35.8	-0.0246611989568919	-0.33643017266877
359	35.9	-0.0259495005011559	-0.335141871124506
360	36	-0.0246611989568919	-0.333853569580242
361	36.1	-0.0259495005011559	-0.333853569580242
362	36.2	-0.0246611989568919	-0.332565268035978
363	36.3	-0.0259495005011559	-0.332565268035978
364	36.4	-0.0246611989568919	-0.331276966491714
365	36.5	-0.0259495005011559	-0.32998866494745
366	36.6	-0.0246611989568919	-0.328700363403186
367	36.7	-0.0259495005011559	-0.328700363403186
368	36.8	-0.0246611989568919	-0.328700363403186
369	36.9	-0.0246611989568919	-0.328700363403186
370	37	-0.0246611989568919	-0.328700363403186
371	37.1	-0.0259495005011559	-0.327412061858922
372	37.2	-0.0259495005011559	-0.327412061858922
373	37.3	-0.0259495005011559	-0.326123760314658
374	37.4	-0.0246611989568919	-0.326123760314658
375	37.5	-0.0259495005011559	-0.324835458770394
376	37.6	-0.0259495005011559	-0.324835458770394
377	37.7	-0.0246611989568919	-0.324835458770394
378	37.8	-0.0259495005011559	-0.32354715722613
379	37.9	-0.0259495005011559	-0.32354715722613
380	38	-0.0259495005011559	-0.322258855681866
381	38.1	-0.0259495005011559	-0.32354715722613
382	38.2	-0.0246611989568919	-0.32354715722613
383	38.3	-0.0259495005011559	-0.322258855681866
384	38.4	-0.0259495005011559	-0.322258855681866
385	38.5	-0.0259495005011559	-0.320970554137602
386	38.6	-0.0259495005011559	-0.320970554137602
387	38.7	-0.0259495005011559	-0.320970554137602
388	38.8	-0.0259495005011559	-0.320970554137602
389	38.9	-0.0259495005011559	-0.319682252593338
390	39	-0.0246611989568919	-0.319682252593338
391	39.1	-0.0259495005011559	-0.318393951049075
392	39.2	-0.0246611989568919	-0.318393951049075
393	39.3	-0.0259495005011559	-0.318393951049075
394	39.4	-0.0246611989568919	-0.317105649504811
395	39.5	-0.0259495005011559	-0.317105649504811
396	39.6	-0.0246611989568919	-0.317105649504811
397	39.7	-0.0259495005011559	-0.315817347960547
398	39.8	-0.0259495005011559	-0.315817347960547
399	39.9	-0.0259495005011559	-0.315817347960547
400	40	-0.0259495005011559	-0.314529046416283
401	40.1	-0.0246611989568919	-0.313240744872019
402	40.2	-0.0272378020454198	-0.313240744872019
403	40.3	-0.0246611989568919	-0.313240744872019
404	40.4	-0.0259495005011559	-0.313240744872019
405	40.5	-0.0259495005011559	-0.311952443327755
406	40.6	-0.0246611989568919	-0.311952443327755
407	40.7	-0.0259495005011559	-0.310664141783491
408	40.8	-0.0259495005011559	-0.311952443327755
409	40.9	-0.0259495005011559	-0.311952443327755
410	41	-0.0246611989568919	-0.310664141783491
411	41.1	-0.0272378020454198	-0.310664141783491
412	41.2	-0.0259495005011559	-0.310664141783491
413	41.3	-0.0259495005011559	-0.309375840239227
414	41.4	-0.0259495005011559	-0.309375840239227
415	41.5	-0.0259495005011559	-0.309375840239227
416	41.6	-0.0259495005011559	-0.308087538694963
417	41.7	-0.0259495005011559	-0.308087538694963
418	41.8	-0.0246611989568919	-0.308087538694963
419	41.9	-0.0246611989568919	-0.306799237150699
420	42	-0.0259495005011559	-0.306799237150699
421	42.1	-0.0259495005011559	-0.306799237150699
422	42.2	-0.0272378020454198	-0.305510935606435
423	42.3	-0.0246611989568919	-0.305510935606435
424	42.4	-0.0259495005011559	-0.305510935606435
425	42.5	-0.0259495005011559	-0.304222634062171
426	42.6	-0.0259495005011559	-0.304222634062171
427	42.7	-0.0246611989568919	-0.304222634062171
428	42.8	-0.0259495005011559	-0.302934332517907
429	42.9	-0.0259495005011559	-0.304222634062171
430	43	-0.0259495005011559	-0.302934332517907
431	43.1	-0.0259495005011559	-0.302934332517907
432	43.2	-0.0259495005011559	-0.301646030973643
433	43.3	-0.0272378020454198	-0.301646030973643
434	43.4	-0.0259495005011559	-0.300357729429379
435	43.5	-0.0259495005011559	-0.300357729429379
436	43.6	-0.0259495005011559	-0.300357729429379
437	43.7	-0.0259495005011559	-0.299069427885115
438	43.8	-0.0259495005011559	-0.299069427885115
439	43.9	-0.0259495005011559	-0.299069427885115
440	44	-0.0246611989568919	-0.297781126340851
441	44.1	-0.0259495005011559	-0.297781126340851
442	44.2	-0.0259495005011559	-0.297781126340851
443	44.3	-0.0246611989568919	-0.296492824796587
444	44.4	-0.0259495005011559	-0.296492824796587
445	44.5	-0.0259495005011559	-0.295204523252323
446	44.6	-0.0259495005011559	-0.295204523252323
447	44.7	-0.0246611989568919	-0.293916221708059
448	44.8	-0.0246611989568919	-0.293916221708059
449	44.9	-0.0246611989568919	-0.293916221708059
450	45	-0.0259495005011559	-0.292627920163795
451	45.1	-0.0246611989568919	-0.292627920163795
452	45.2	-0.0246611989568919	-0.291339618619531
453	45.3	-0.0259495005011559	-0.291339618619531
454	45.4	-0.0259495005011559	-0.290051317075267
455	45.5	-0.0259495005011559	-0.290051317075267
456	45.6	-0.0246611989568919	-0.288763015531003
457	45.7	-0.0259495005011559	-0.28747471398674
458	45.8	-0.0259495005011559	-0.28747471398674
459	45.9	-0.0259495005011559	-0.286186412442476
460	46	-0.0246611989568919	-0.286186412442476
461	46.1	-0.0246611989568919	-0.284898110898212
462	46.2	-0.0246611989568919	-0.284898110898212
463	46.3	-0.0246611989568919	-0.283609809353948
464	46.4	-0.0259495005011559	-0.282321507809684
465	46.5	-0.0246611989568919	-0.282321507809684
466	46.6	-0.0259495005011559	-0.28103320626542
467	46.7	-0.0246611989568919	-0.279744904721156
468	46.8	-0.0246611989568919	-0.279744904721156
469	46.9	-0.0259495005011559	-0.278456603176892
470	47	-0.0246611989568919	-0.277168301632628
471	47.1	-0.0259495005011559	-0.277168301632628
472	47.2	-0.0246611989568919	-0.2745916985441
473	47.3	-0.0246611989568919	-0.2745916985441
474	47.4	-0.0246611989568919	-0.2745916985441
475	47.5	-0.0246611989568919	-0.273303396999836
476	47.6	-0.0246611989568919	-0.273303396999836
477	47.7	-0.0246611989568919	-0.272015095455572
478	47.8	-0.0246611989568919	-0.270726793911308
479	47.9	-0.0259495005011559	-0.269438492367044
480	48	-0.0246611989568919	-0.269438492367044
481	48.1	-0.0246611989568919	-0.26815019082278
482	48.2	-0.0246611989568919	-0.266861889278516
483	48.3	-0.0246611989568919	-0.266861889278516
484	48.4	-0.0246611989568919	-0.265573587734252
485	48.5	-0.0246611989568919	-0.264285286189988
486	48.6	-0.0246611989568919	-0.262996984645724
487	48.7	-0.0233728974126279	-0.26170868310146
488	48.8	-0.0246611989568919	-0.26170868310146
489	48.9	-0.0259495005011559	-0.260420381557196
490	49	-0.0246611989568919	-0.259132080012932
491	49.1	-0.0246611989568919	-0.257843778468668
492	49.2	-0.0246611989568919	-0.257843778468668
493	49.3	-0.0246611989568919	-0.256555476924405
494	49.4	-0.0246611989568919	-0.257843778468668
495	49.5	-0.0246611989568919	-0.256555476924405
496	49.6	-0.0233728974126279	-0.255267175380141
497	49.7	-0.0246611989568919	-0.255267175380141
498	49.8	-0.0233728974126279	-0.253978873835877
499	49.9	-0.0233728974126279	-0.253978873835877
500	50	-0.0246611989568919	-0.252690572291613
501	50.1	-0.0233728974126279	-0.251402270747349
502	50.2	-0.0246611989568919	-0.251402270747349
503	50.3	-0.0233728974126279	-0.251402270747349
504	50.4	-0.0246611989568919	-0.250113969203085
505	50.5	-0.0233728974126279	-0.250113969203085
506	50.6	-0.0246611989568919	-0.248825667658821
507	50.7	-0.0246611989568919	-0.247537366114557
508	50.8	-0.0233728974126279	-0.246249064570293
509	50.9	-0.0246611989568919	-0.246249064570293
510	51	-0.0233728974126279	-0.243672461481765
511	51.1	-0.0246611989568919	-0.243672461481765
512	51.2	-0.0233728974126279	-0.243672461481765
513	51.3	-0.0259495005011559	-0.242384159937501
514	51.4	-0.0233728974126279	-0.242384159937501
515	51.5	-0.0246611989568919	-0.241095858393237
516	51.6	-0.0233728974126279	-0.241095858393237
517	51.7	-0.0246611989568919	-0.239807556848973
518	51.8	-0.0233728974126279	-0.239807556848973
519	51.9	-0.0233728974126279	-0.239807556848973
520	52	-0.0233728974126279	-0.238519255304709
521	52.1	-0.0233728974126279	-0.238519255304709
522	52.2	-0.0246611989568919	-0.237230953760445
523	52.3	-0.022084595868364	-0.235942652216181
524	52.4	-0.0246611989568919	-0.235942652216181
525	52.5	-0.0246611989568919	-0.234654350671917
526	52.6	-0.0233728974126279	-0.233366049127653
527	52.7	-0.0233728974126279	-0.233366049127653
528	52.8	-0.0233728974126279	-0.233366049127653
529	52.9	-0.0246611989568919	-0.230789446039125
530	53	-0.0233728974126279	-0.230789446039125
531	53.1	-0.0246611989568919	-0.230789446039125
532	53.2	-0.0246611989568919	-0.229501144494861
533	53.3	-0.0233728974126279	-0.228212842950597
534	53.4	-0.0233728974126279	-0.228212842950597
535	53.5	-0.0246611989568919	-0.226924541406333
536	53.6	-0.0246611989568919	-0.225636239862069
537	53.7	-0.022084595868364	-0.225636239862069
538	53.8	-0.0233728974126279	-0.225636239862069
539	53.9	-0.022084595868364	-0.224347938317806
540	54	-0.022084595868364	-0.223059636773542
541	54.1	-0.0233728974126279	-0.223059636773542
542	54.2	-0.022084595868364	-0.221771335229278
543	54.3	-0.022084595868364	-0.220483033685014
544	54.4	-0.022084595868364	-0.220483033685014
545	54.5	-0.022084595868364	-0.220483033685014
546	54.6	-0.022084595868364	-0.21919473214075
547	54.7	-0.022084595868364	-0.217906430596486
548	54.8	-0.022084595868364	-0.217906430596486
549	54.9	-0.022084595868364	-0.216618129052222
550	55	-0.022084595868364	-0.215329827507958
551	55.1	-0.022084595868364	-0.214041525963694
552	55.2	-0.022084595868364	-0.214041525963694
553	55.3	-0.022084595868364	-0.214041525963694
554	55.4	-0.022084595868364	-0.214041525963694
555	55.5	-0.0233728974126279	-0.21275322441943
556	55.6	-0.0207962943241	-0.211464922875166
557	55.7	-0.022084595868364	-0.211464922875166
558	55.8	-0.0207962943241	-0.210176621330902
559	55.9	-0.0207962943241	-0.208888319786638
560	56	-0.0207962943241	-0.208888319786638
561	56.1	-0.0195079927798361	-0.207600018242374
562	56.2	-0.0207962943241	-0.207600018242374
563	56.3	-0.0207962943241	-0.20631171669811
564	56.4	-0.022084595868364	-0.205023415153846
565	56.5	-0.0207962943241	-0.203735113609582
566	56.6	-0.0207962943241	-0.203735113609582
567	56.7	-0.0207962943241	-0.203735113609582
568	56.8	-0.022084595868364	-0.203735113609582
569	56.9	-0.022084595868364	-0.202446812065318
570	57	-0.0207962943241	-0.202446812065318
571	57.1	-0.0207962943241	-0.201158510521054
572	57.2	-0.022084595868364	-0.19987020897679
573	57.3	-0.0207962943241	-0.198581907432526
574	57.4	-0.0207962943241	-0.198581907432526
575	57.5	-0.0207962943241	-0.197293605888262
576	57.6	-0.022084595868364	-0.196005304343998
577	57.7	-0.022084595868364	-0.196005304343998
578	57.8	-0.0207962943241	-0.194717002799734
579	57.9	-0.022084595868364	-0.194717002799734
580	58	-0.0207962943241	-0.194717002799734
581	58.1	-0.022084595868364	-0.194717002799734
582	58.2	-0.0207962943241	-0.193428701255471
583	58.3	-0.022084595868364	-0.193428701255471
584	58.4	-0.0195079927798361	-0.193428701255471
585	58.5	-0.022084595868364	-0.192140399711207
586	58.6	-0.0207962943241	-0.192140399711207
587	58.7	-0.022084595868364	-0.190852098166943
588	58.8	-0.0207962943241	-0.189563796622679
589	58.9	-0.0207962943241	-0.189563796622679
590	59	-0.0207962943241	-0.188275495078415
591	59.1	-0.0207962943241	-0.188275495078415
592	59.2	-0.0207962943241	-0.186987193534151
593	59.3	-0.0195079927798361	-0.186987193534151
594	59.4	-0.0207962943241	-0.185698891989887
595	59.5	-0.0195079927798361	-0.184410590445623
596	59.6	-0.0207962943241	-0.184410590445623
597	59.7	-0.0207962943241	-0.183122288901359
598	59.8	-0.0207962943241	-0.183122288901359
599	59.9	-0.0207962943241	-0.181833987357095
600	60	-0.0195079927798361	-0.181833987357095
601	60.1	-0.0207962943241	-0.180545685812831
602	60.2	-0.0207962943241	-0.179257384268567
603	60.3	-0.0207962943241	-0.179257384268567
604	60.4	-0.0195079927798361	-0.177969082724303
605	60.5	-0.022084595868364	-0.176680781180039
606	60.6	-0.0195079927798361	-0.176680781180039
607	60.7	-0.022084595868364	-0.175392479635775
608	60.8	-0.022084595868364	-0.175392479635775
609	60.9	-0.0207962943241	-0.174104178091511
610	61	-0.0207962943241	-0.174104178091511
611	61.1	-0.022084595868364	-0.172815876547247
612	61.2	-0.0207962943241	-0.172815876547247
613	61.3	-0.0207962943241	-0.171527575002983
614	61.4	-0.0207962943241	-0.170239273458719
615	61.5	-0.0207962943241	-0.168950971914455
616	61.6	-0.022084595868364	-0.167662670370191
617	61.7	-0.0207962943241	-0.166374368825927
618	61.8	-0.022084595868364	-0.165086067281663
619	61.9	-0.0207962943241	-0.165086067281663
620	62	-0.0207962943241	-0.165086067281663
621	62.1	-0.0207962943241	-0.163797765737399
622	62.2	-0.022084595868364	-0.163797765737399
623	62.3	-0.0207962943241	-0.163797765737399
624	62.4	-0.022084595868364	-0.162509464193135
625	62.5	-0.022084595868364	-0.161221162648872
626	62.6	-0.022084595868364	-0.161221162648872
627	62.7	-0.022084595868364	-0.159932861104608
628	62.8	-0.022084595868364	-0.158644559560344
629	62.9	-0.022084595868364	-0.158644559560344
630	63	-0.022084595868364	-0.15735625801608
631	63.1	-0.022084595868364	-0.156067956471816
632	63.2	-0.0207962943241	-0.156067956471816
633	63.3	-0.022084595868364	-0.154779654927552
634	63.4	-0.022084595868364	-0.154779654927552
635	63.5	-0.022084595868364	-0.153491353383288
636	63.6	-0.022084595868364	-0.153491353383288
637	63.7	-0.0233728974126279	-0.152203051839024
638	63.8	-0.022084595868364	-0.152203051839024
639	63.9	-0.022084595868364	-0.152203051839024
640	64	-0.0233728974126279	-0.15091475029476
641	64.1	-0.022084595868364	-0.149626448750496
642	64.2	-0.0233728974126279	-0.149626448750496
643	64.3	-0.022084595868364	-0.149626448750496
644	64.4	-0.0233728974126279	-0.149626448750496
645	64.5	-0.022084595868364	-0.148338147206232
646	64.6	-0.0233728974126279	-0.148338147206232
647	64.7	-0.022084595868364	-0.147049845661968
648	64.8	-0.0233728974126279	-0.147049845661968
649	64.9	-0.022084595868364	-0.145761544117704
650	65	-0.0233728974126279	-0.145761544117704
651	65.1	-0.0207962943241	-0.14447324257344
652	65.2	-0.0233728974126279	-0.14447324257344
653	65.3	-0.022084595868364	-0.143184941029176
654	65.4	-0.0233728974126279	-0.143184941029176
655	65.5	-0.022084595868364	-0.141896639484912
656	65.6	-0.0233728974126279	-0.140608337940648
657	65.7	-0.0233728974126279	-0.140608337940648
658	65.8	-0.0233728974126279	-0.140608337940648
659	65.9	-0.0246611989568919	-0.139320036396384
660	66	-0.0233728974126279	-0.139320036396384
661	66.1	-0.0246611989568919	-0.13803173485212
662	66.2	-0.0246611989568919	-0.13803173485212
663	66.3	-0.0246611989568919	-0.13803173485212
664	66.4	-0.0246611989568919	-0.13803173485212
665	66.5	-0.0246611989568919	-0.13803173485212
666	66.6	-0.0246611989568919	-0.136743433307856
667	66.7	-0.0246611989568919	-0.136743433307856
668	66.8	-0.0246611989568919	-0.136743433307856
669	66.9	-0.0246611989568919	-0.134166830219328
670	67	-0.0246611989568919	-0.134166830219328
671	67.1	-0.0246611989568919	-0.132878528675064
672	67.2	-0.0246611989568919	-0.132878528675064
673	67.3	-0.0246611989568919	-0.1315902271308
674	67.4	-0.0246611989568919	-0.1315902271308
675	67.5	-0.0246611989568919	-0.1315902271308
676	67.6	-0.0246611989568919	-0.129013624042273
677	67.7	-0.0233728974126279	-0.129013624042273
678	67.8	-0.0233728974126279	-0.129013624042273
679	67.9	-0.0246611989568919	-0.129013624042273
680	68	-0.0233728974126279	-0.129013624042273
681	68.1	-0.0246611989568919	-0.129013624042273
682	68.2	-0.022084595868364	-0.127725322498009
683	68.3	-0.0246611989568919	-0.126437020953745
684	68.4	-0.0233728974126279	-0.126437020953745
685	68.5	-0.0246611989568919	-0.125148719409481
686	68.6	-0.0233728974126279	-0.123860417865217
687	68.7	-0.0259495005011559	-0.123860417865217
688	68.8	-0.0233728974126279	-0.123860417865217
689	68.9	-0.0246611989568919	-0.122572116320953
690	69	-0.0246611989568919	-0.122572116320953
691	69.1	-0.0233728974126279	-0.121283814776689
692	69.2	-0.0246611989568919	-0.121283814776689
693	69.3	-0.0246611989568919	-0.119995513232425
694	69.4	-0.0246611989568919	-0.119995513232425
695	69.5	-0.0246611989568919	-0.119995513232425
696	69.6	-0.0246611989568919	-0.118707211688161
697	69.7	-0.0246611989568919	-0.118707211688161
698	69.8	-0.0233728974126279	-0.117418910143897
699	69.9	-0.0259495005011559	-0.118707211688161
700	70	-0.0233728974126279	-0.117418910143897
701	70.1	-0.0246611989568919	-0.116130608599633
702	70.2	-0.0259495005011559	-0.116130608599633
703	70.3	-0.0246611989568919	-0.114842307055369
704	70.4	-0.0246611989568919	-0.114842307055369
705	70.5	-0.0246611989568919	-0.113554005511105
706	70.6	-0.0246611989568919	-0.113554005511105
707	70.7	-0.0259495005011559	-0.112265703966841
708	70.8	-0.0246611989568919	-0.110977402422577
709	70.9	-0.0246611989568919	-0.110977402422577
710	71	-0.0246611989568919	-0.110977402422577
711	71.1	-0.0259495005011559	-0.109689100878313
712	71.2	-0.0246611989568919	-0.109689100878313
713	71.3	-0.0246611989568919	-0.108400799334049
714	71.4	-0.0246611989568919	-0.108400799334049
715	71.5	-0.0246611989568919	-0.108400799334049
716	71.6	-0.0246611989568919	-0.108400799334049
717	71.7	-0.0246611989568919	-0.108400799334049
718	71.8	-0.0246611989568919	-0.107112497789785
719	71.9	-0.0246611989568919	-0.107112497789785
720	72	-0.0246611989568919	-0.107112497789785
721	72.1	-0.0246611989568919	-0.105824196245521
722	72.2	-0.0246611989568919	-0.104535894701257
723	72.3	-0.0246611989568919	-0.103247593156993
724	72.4	-0.0233728974126279	-0.104535894701257
725	72.5	-0.0246611989568919	-0.103247593156993
726	72.6	-0.0233728974126279	-0.101959291612729
727	72.7	-0.0233728974126279	-0.101959291612729
728	72.8	-0.0233728974126279	-0.101959291612729
729	72.9	-0.022084595868364	-0.100670990068465
730	73	-0.0233728974126279	-0.100670990068465
731	73.1	-0.0233728974126279	-0.0993826885242015
732	73.2	-0.0233728974126279	-0.0993826885242015
733	73.3	-0.022084595868364	-0.0993826885242015
734	73.4	-0.0233728974126279	-0.0980943869799376
735	73.5	-0.022084595868364	-0.0980943869799376
736	73.6	-0.0233728974126279	-0.0980943869799376
737	73.7	-0.022084595868364	-0.0968060854356736
738	73.8	-0.0233728974126279	-0.0968060854356736
739	73.9	-0.0233728974126279	-0.0968060854356736
740	74	-0.0246611989568919	-0.0955177838914096
741	74.1	-0.0233728974126279	-0.0955177838914096
742	74.2	-0.0233728974126279	-0.0942294823471457
743	74.3	-0.022084595868364	-0.0942294823471457
744	74.4	-0.0233728974126279	-0.0942294823471457
745	74.5	-0.022084595868364	-0.0929411808028817
746	74.6	-0.0233728974126279	-0.0929411808028817
747	74.7	-0.022084595868364	-0.0916528792586178
748	74.8	-0.0233728974126279	-0.0916528792586178
749	74.9	-0.022084595868364	-0.0903645777143538
750	75	-0.0233728974126279	-0.0890762761700898
751	75.1	-0.0233728974126279	-0.0890762761700898
752	75.2	-0.0233728974126279	-0.0890762761700898
753	75.3	-0.022084595868364	-0.0890762761700898
754	75.4	-0.0233728974126279	-0.0877879746258259
755	75.5	-0.022084595868364	-0.0864996730815619
756	75.6	-0.0233728974126279	-0.0864996730815619
757	75.7	-0.022084595868364	-0.085211371537298
758	75.8	-0.0233728974126279	-0.085211371537298
759	75.9	-0.0233728974126279	-0.085211371537298
760	76	-0.0233728974126279	-0.085211371537298
761	76.1	-0.0233728974126279	-0.083923069993034
762	76.2	-0.0233728974126279	-0.08263476844877
763	76.3	-0.0233728974126279	-0.08263476844877
764	76.4	-0.0233728974126279	-0.08263476844877
765	76.5	-0.0233728974126279	-0.0813464669045061
766	76.6	-0.0233728974126279	-0.0813464669045061
767	76.7	-0.0233728974126279	-0.0800581653602421
768	76.8	-0.0233728974126279	-0.0800581653602421
769	76.9	-0.0233728974126279	-0.0787698638159782
770	77	-0.0233728974126279	-0.0787698638159782
771	77.1	-0.0233728974126279	-0.0787698638159782
772	77.2	-0.022084595868364	-0.0787698638159782
773	77.3	-0.0233728974126279	-0.0774815622717142
774	77.4	-0.0233728974126279	-0.0761932607274503
775	77.5	-0.0233728974126279	-0.0761932607274503
776	77.6	-0.022084595868364	-0.0761932607274503
777	77.7	-0.0246611989568919	-0.0749049591831863
778	77.8	-0.0233728974126279	-0.0736166576389223
779	77.9	-0.0246611989568919	-0.0736166576389223
780	78	-0.0246611989568919	-0.0723283560946584
781	78.1	-0.0233728974126279	-0.0710400545503944
782	78.2	-0.0246611989568919	-0.0710400545503944
783	78.3	-0.0246611989568919	-0.0710400545503944
784	78.4	-0.0246611989568919	-0.0697517530061305
785	78.5	-0.0246611989568919	-0.0697517530061305
786	78.6	-0.0246611989568919	-0.0697517530061305
787	78.7	-0.0246611989568919	-0.0671751499176025
788	78.8	-0.0259495005011559	-0.0671751499176025
789	78.9	-0.0246611989568919	-0.0671751499176025
790	79	-0.0246611989568919	-0.0658868483733386
791	79.1	-0.0259495005011559	-0.0671751499176025
792	79.2	-0.0259495005011559	-0.0658868483733386
793	79.3	-0.0259495005011559	-0.0658868483733386
794	79.4	-0.0272378020454198	-0.0645985468290746
795	79.5	-0.0272378020454198	-0.0633102452848107
796	79.6	-0.0285261035896838	-0.0645985468290746
797	79.7	-0.0272378020454198	-0.0633102452848107
798	79.8	-0.0272378020454198	-0.0620219437405467
799	79.9	-0.0285261035896838	-0.0620219437405467
800	80	-0.0285261035896838	-0.0620219437405467
801	80.1	-0.0298144051339477	-0.0607336421962827
802	80.2	-0.0298144051339477	-0.0607336421962827
803	80.3	-0.0311027066782117	-0.0594453406520188
804	80.4	-0.0311027066782117	-0.0594453406520188
805	80.5	-0.0311027066782117	-0.0581570391077548
806	80.6	-0.0311027066782117	-0.0581570391077548
807	80.7	-0.0323910082224756	-0.0581570391077548
808	80.8	-0.0336793097667396	-0.0568687375634909
809	80.9	-0.0336793097667396	-0.0555804360192269
810	81	-0.0336793097667396	-0.0555804360192269
811	81.1	-0.0349676113110036	-0.0542921344749629
812	81.2	-0.0362559128552675	-0.0542921344749629
813	81.3	-0.0362559128552675	-0.0542921344749629
814	81.4	-0.0375442143995315	-0.053003832930699
815	81.5	-0.0362559128552675	-0.053003832930699
816	81.6	-0.0375442143995315	-0.051715531386435
817	81.7	-0.0375442143995315	-0.0504272298421711
818	81.8	-0.0375442143995315	-0.0504272298421711
819	81.9	-0.0388325159437954	-0.0491389282979071
820	82	-0.0401208174880594	-0.0478506267536432
821	82.1	-0.0388325159437954	-0.0478506267536432
822	82.2	-0.0401208174880594	-0.0465623252093792
823	82.3	-0.0401208174880594	-0.0452740236651152
824	82.4	-0.0401208174880594	-0.0452740236651152
825	82.5	-0.0401208174880594	-0.0452740236651152
826	82.6	-0.0414091190323234	-0.0452740236651152
827	82.7	-0.0414091190323234	-0.0439857221208513
828	82.8	-0.0426974205765873	-0.0439857221208513
829	82.9	-0.0414091190323234	-0.0426974205765873
830	83	-0.0426974205765873	-0.0426974205765873
831	83.1	-0.0426974205765873	-0.0426974205765873
832	83.2	-0.0439857221208513	-0.0401208174880594
833	83.3	-0.0426974205765873	-0.0401208174880594
834	83.4	-0.0426974205765873	-0.0388325159437954
835	83.5	-0.0452740236651152	-0.0388325159437954
836	83.6	-0.0439857221208513	-0.0375442143995315
837	83.7	-0.0452740236651152	-0.0375442143995315
838	83.8	-0.0452740236651152	-0.0362559128552675
839	83.9	-0.0465623252093792	-0.0362559128552675
840	84	-0.0465623252093792	-0.0349676113110036
841	84.1	-0.0478506267536432	-0.0336793097667396
842	84.2	-0.0465623252093792	-0.0336793097667396
843	84.3	-0.0478506267536432	-0.0323910082224756
844	84.4	-0.0478506267536432	-0.0323910082224756
845	84.5	-0.0491389282979071	-0.0311027066782117
846	84.6	-0.0491389282979071	-0.0311027066782117
847	84.7	-0.0504272298421711	-0.0311027066782117
848	84.8	-0.0504272298421711	-0.0311027066782117
849	84.9	-0.0504272298421711	-0.0298144051339477
850	85	-0.053003832930699	-0.0298144051339477
851	85.1	-0.051715531386435	-0.0285261035896838
852	85.2	-0.053003832930699	-0.0285261035896838
853	85.3	-0.053003832930699	-0.0272378020454198
854	85.4	-0.053003832930699	-0.0259495005011559
855	85.5	-0.0555804360192269	-0.0259495005011559
856	85.6	-0.0542921344749629	-0.0259495005011559
857	85.7	-0.0568687375634909	-0.0246611989568919
858	85.8	-0.0581570391077548	-0.0233728974126279
859	85.9	-0.0581570391077548	-0.022084595868364
860	86	-0.0581570391077548	-0.022084595868364
861	86.1	-0.0594453406520188	-0.022084595868364
862	86.2	-0.0594453406520188	-0.0207962943241
863	86.3	-0.0594453406520188	-0.0195079927798361
864	86.4	-0.0607336421962827	-0.0195079927798361
865	86.5	-0.0607336421962827	-0.0182196912355721
866	86.6	-0.0620219437405467	-0.0182196912355721
867	86.7	-0.0620219437405467	-0.0169313896913081
868	86.8	-0.0645985468290746	-0.0169313896913081
869	86.9	-0.0645985468290746	-0.0156430881470442
870	87	-0.0671751499176025	-0.0143547866027802
871	87.1	-0.0658868483733386	-0.0143547866027802
872	87.2	-0.0684634514618665	-0.0143547866027802
873	87.3	-0.0684634514618665	-0.0130664850585163
874	87.4	-0.0697517530061305	-0.0130664850585163
875	87.5	-0.0697517530061305	-0.0117781835142523
876	87.6	-0.0697517530061305	-0.0117781835142523
877	87.7	-0.0710400545503944	-0.0104898819699883
878	87.8	-0.0710400545503944	-0.0104898819699883
879	87.9	-0.0749049591831863	-0.0104898819699883
880	88	-0.0736166576389223	-0.00920158042572439
881	88.1	-0.0749049591831863	-0.00920158042572439
882	88.2	-0.0736166576389223	-0.00791327888146043
883	88.3	-0.0761932607274503	-0.00791327888146043
884	88.4	-0.0736166576389223	-0.00791327888146043
885	88.5	-0.0761932607274503	-0.00662497733719647
886	88.6	-0.0761932607274503	-0.00662497733719647
887	88.7	-0.0761932607274503	-0.00662497733719647
888	88.8	-0.0774815622717142	-0.00533667579293251
889	88.9	-0.0761932607274503	-0.00533667579293251
890	89	-0.0774815622717142	-0.00533667579293251
891	89.1	-0.0761932607274503	-0.00404837424866855
892	89.2	-0.0774815622717142	-0.00404837424866855
893	89.3	-0.0787698638159782	-0.00276007270440459
894	89.4	-0.0774815622717142	-0.00276007270440459
895	89.5	-0.0787698638159782	-0.00147177116014063
896	89.6	-0.0787698638159782	-0.00147177116014063
897	89.7	-0.0787698638159782	-0.000183469615876675
898	89.8	-0.0813464669045061	-0.000183469615876675
899	89.9	-0.0787698638159782	0.00110483192838728
900	90	-0.0800581653602421	0.00110483192838728
901	90.1	-0.0800581653602421	0.00239313347265124
902	90.2	-0.0813464669045061	0.00239313347265124
903	90.3	-0.08263476844877	0.0036814350169152
904	90.4	-0.0800581653602421	0.0036814350169152
905	90.5	-0.0813464669045061	0.00496973656117916
906	90.6	-0.08263476844877	0.00496973656117916
907	90.7	-0.08263476844877	0.00496973656117916
908	90.8	-0.083923069993034	0.00625803810544312
909	90.9	-0.083923069993034	0.00754633964970708
910	91	-0.0813464669045061	0.00754633964970708
911	91.1	-0.0813464669045061	0.00883464119397104
912	91.2	-0.0800581653602421	0.00883464119397104
913	91.3	-0.0813464669045061	0.010122942738235
914	91.4	-0.0813464669045061	0.010122942738235
915	91.5	-0.0800581653602421	0.011411244282499
916	91.6	-0.0800581653602421	0.011411244282499
917	91.7	-0.0800581653602421	0.011411244282499
918	91.8	-0.0787698638159782	0.0126995458267629
919	91.9	-0.0774815622717142	0.0139878473710269
920	92	-0.0774815622717142	0.0139878473710269
921	92.1	-0.0761932607274503	0.0139878473710269
922	92.2	-0.0774815622717142	0.0152761489152908
923	92.3	-0.0761932607274503	0.0152761489152908
924	92.4	-0.0774815622717142	0.0165644504595548
925	92.5	-0.0749049591831863	0.0165644504595548
926	92.6	-0.0749049591831863	0.0165644504595548
927	92.7	-0.0749049591831863	0.0178527520038188
928	92.8	-0.0736166576389223	0.0178527520038188
929	92.9	-0.0736166576389223	0.0191410535480827
930	93	-0.0723283560946584	0.0191410535480827
931	93.1	-0.0736166576389223	0.0204293550923467
932	93.2	-0.0710400545503944	0.0204293550923467
933	93.3	-0.0697517530061305	0.0217176566366106
934	93.4	-0.0710400545503944	0.0217176566366106
935	93.5	-0.0671751499176025	0.0217176566366106
936	93.6	-0.0684634514618665	0.0230059581808746
937	93.7	-0.0684634514618665	0.0230059581808746
938	93.8	-0.0658868483733386	0.0242942597251385
939	93.9	-0.0645985468290746	0.0255825612694025
940	94	-0.0620219437405467	0.0255825612694025
941	94.1	-0.0620219437405467	0.0255825612694025
942	94.2	-0.0607336421962827	0.0268708628136665
943	94.3	-0.0594453406520188	0.0268708628136665
944	94.4	-0.0594453406520188	0.0281591643579304
945	94.5	-0.0555804360192269	0.0294474659021944
946	94.6	-0.0568687375634909	0.0294474659021944
947	94.7	-0.0568687375634909	0.0307357674464583
948	94.8	-0.0555804360192269	0.0307357674464583
949	94.9	-0.0542921344749629	0.0320240689907223
950	95	-0.0555804360192269	0.0320240689907223
951	95.1	-0.0542921344749629	0.0320240689907223
952	95.2	-0.053003832930699	0.0333123705349863
953	95.3	-0.051715531386435	0.0346006720792502
954	95.4	-0.053003832930699	0.0346006720792502
955	95.5	-0.0504272298421711	0.0346006720792502
956	95.6	-0.051715531386435	0.0346006720792502
957	95.7	-0.051715531386435	0.0346006720792502
958	95.8	-0.0504272298421711	0.0358889736235142
959	95.9	-0.0504272298421711	0.0358889736235142
960	96	-0.0504272298421711	0.0358889736235142
961	96.1	-0.0491389282979071	0.0371772751677781
962	96.2	-0.0504272298421711	0.0371772751677781
963	96.3	-0.0491389282979071	0.0371772751677781
964	96.4	-0.0491389282979071	0.0371772751677781
965	96.5	-0.0478506267536432	0.0384655767120421
966	96.6	-0.0452740236651152	0.0384655767120421
967	96.7	-0.0465623252093792	0.0384655767120421
968	96.8	-0.0439857221208513	0.0397538782563061
969	96.9	-0.0452740236651152	0.0384655767120421
970	97	-0.0439857221208513	0.04104217980057
971	97.1	-0.0426974205765873	0.04104217980057
972	97.2	-0.0426974205765873	0.042330481344834
973	97.3	-0.0414091190323234	0.042330481344834
974	97.4	-0.0414091190323234	0.042330481344834
975	97.5	-0.0414091190323234	0.0436187828890979
976	97.6	-0.0401208174880594	0.0449070844333619
977	97.7	-0.0401208174880594	0.0449070844333619
978	97.8	-0.0401208174880594	0.0449070844333619
979	97.9	-0.0388325159437954	0.0461953859776258
980	98	-0.0388325159437954	0.0461953859776258
981	98.1	-0.0375442143995315	0.0474836875218898
982	98.2	-0.0375442143995315	0.0474836875218898
983	98.3	-0.0388325159437954	0.0487719890661538
984	98.4	-0.0362559128552675	0.0487719890661538
985	98.5	-0.0375442143995315	0.0500602906104177
986	98.6	-0.0362559128552675	0.0500602906104177
987	98.7	-0.0362559128552675	0.0500602906104177
988	98.8	-0.0362559128552675	0.0513485921546817
989	98.9	-0.0362559128552675	0.0513485921546817
990	99	-0.0375442143995315	0.0513485921546817
991	99.1	-0.0362559128552675	0.0526368936989456
992	99.2	-0.0362559128552675	0.0526368936989456
993	99.3	-0.0349676113110036	0.0526368936989456
994	99.4	-0.0349676113110036	0.0526368936989456
995	99.5	-0.0336793097667396	0.0539251952432096
996	99.6	-0.0336793097667396	0.0539251952432096
997	99.7	-0.0349676113110036	0.0552134967874736
998	99.8	-0.0323910082224756	0.0565017983317375
999	99.9	-0.0323910082224756	0.0565017983317375
1000	100	-0.0323910082224756	0.0577900998760015
1001	100.1	-0.0311027066782117	0.0577900998760015
1002	100.2	-0.0311027066782117	0.0590784014202654
1003	100.3	-0.0298144051339477	0.0603667029645294
1004	100.4	-0.0298144051339477	0.0616550045087934
1005	100.5	-0.0298144051339477	0.0616550045087934
1006	100.6	-0.0298144051339477	0.0629433060530573
1007	100.7	-0.0285261035896838	0.0629433060530573
1008	100.8	-0.0285261035896838	0.0642316075973213
1009	100.9	-0.0272378020454198	0.0642316075973213
1010	101	-0.0272378020454198	0.0642316075973213
1011	101.1	-0.0272378020454198	0.0655199091415852
1012	101.2	-0.0272378020454198	0.0668082106858492
1013	101.3	-0.0285261035896838	0.0655199091415852
1014	101.4	-0.0272378020454198	0.0668082106858492
1015	101.5	-0.0259495005011559	0.0668082106858492
1016	101.6	-0.0246611989568919	0.0680965122301131
1017	101.7	-0.0246611989568919	0.0680965122301131
1018	101.8	-0.0259495005011559	0.0680965122301131
1019	101.9	-0.0259495005011559	0.0693848137743771
1020	102	-0.0246611989568919	0.0706731153186411
1021	102.1	-0.0246611989568919	0.0706731153186411
1022	102.2	-0.0246611989568919	0.0706731153186411
1023	102.3	-0.0246611989568919	0.071961416862905
1024	102.4	-0.0233728974126279	0.071961416862905
1025	102.5	-0.0233728974126279	0.073249718407169
1026	102.6	-0.0233728974126279	0.071961416862905
1027	102.7	-0.022084595868364	0.0745380199514329
1028	102.8	-0.0233728974126279	0.0745380199514329
1029	102.9	-0.022084595868364	0.0758263214956969
1030	103	-0.0233728974126279	0.0758263214956969
1031	103.1	-0.022084595868364	0.0758263214956969
1032	103.2	-0.0233728974126279	0.0771146230399609
1033	103.3	-0.0207962943241	0.0784029245842248
1034	103.4	-0.022084595868364	0.0784029245842248
1035	103.5	-0.0233728974126279	0.0796912261284888
1036	103.6	-0.022084595868364	0.0809795276727527
1037	103.7	-0.022084595868364	0.0809795276727527
1038	103.8	-0.0233728974126279	0.0809795276727527
1039	103.9	-0.022084595868364	0.0809795276727527
1040	104	-0.022084595868364	0.0822678292170167
1041	104.1	-0.022084595868364	0.0822678292170167
1042	104.2	-0.022084595868364	0.0835561307612807
1043	104.3	-0.0233728974126279	0.0835561307612807
1044	104.4	-0.022084595868364	0.0848444323055446
1045	104.5	-0.0233728974126279	0.0848444323055446
1046	104.6	-0.0233728974126279	0.0848444323055446
1047	104.7	-0.0233728974126279	0.0848444323055446
1048	104.8	-0.0233728974126279	0.0861327338498086
1049	104.9	-0.0233728974126279	0.0861327338498086
1050	105	-0.0233728974126279	0.0861327338498086
1051	105.1	-0.0233728974126279	0.0874210353940725
1052	105.2	-0.0233728974126279	0.0874210353940725
1053	105.3	-0.0233728974126279	0.0874210353940725
1054	105.4	-0.0233728974126279	0.0874210353940725
1055	105.5	-0.0246611989568919	0.0887093369383365
1056	105.6	-0.0233728974126279	0.0887093369383365
1057	105.7	-0.022084595868364	0.0899976384826005
1058	105.8	-0.022084595868364	0.0912859400268644
1059	105.9	-0.0233728974126279	0.0912859400268644
1060	106	-0.0233728974126279	0.0925742415711284
1061	106.1	-0.0233728974126279	0.0925742415711284
1062	106.2	-0.0233728974126279	0.0938625431153923
1063	106.3	-0.0233728974126279	0.0938625431153923
1064	106.4	-0.0246611989568919	0.0951508446596563
1065	106.5	-0.0233728974126279	0.0951508446596563
1066	106.6	-0.0233728974126279	0.0951508446596563
1067	106.7	-0.0233728974126279	0.0964391462039202
1068	106.8	-0.0233728974126279	0.0964391462039202
1069	106.9	-0.0246611989568919	0.0977274477481842
1070	107	-0.0233728974126279	0.0990157492924482
1071	107.1	-0.0246611989568919	0.0990157492924482
1072	107.2	-0.0233728974126279	0.0990157492924482
1073	107.3	-0.0233728974126279	0.0990157492924482
1074	107.4	-0.0233728974126279	0.0990157492924482
1075	107.5	-0.0246611989568919	0.100304050836712
1076	107.6	-0.0246611989568919	0.100304050836712
1077	107.7	-0.0246611989568919	0.100304050836712
1078	107.8	-0.0246611989568919	0.100304050836712
1079	107.9	-0.0233728974126279	0.101592352380976
1080	108	-0.0246611989568919	0.101592352380976
1081	108.1	-0.0246611989568919	0.101592352380976
1082	108.2	-0.0233728974126279	0.101592352380976
1083	108.3	-0.0259495005011559	0.10288065392524
1084	108.4	-0.0233728974126279	0.10288065392524
1085	108.5	-0.0246611989568919	0.10288065392524
1086	108.6	-0.0246611989568919	0.10288065392524
1087	108.7	-0.0246611989568919	0.104168955469504
1088	108.8	-0.0246611989568919	0.105457257013768
1089	108.9	-0.0246611989568919	0.105457257013768
1090	109	-0.0246611989568919	0.106745558558032
1091	109.1	-0.0246611989568919	0.106745558558032
1092	109.2	-0.0246611989568919	0.106745558558032
1093	109.3	-0.0259495005011559	0.106745558558032
1094	109.4	-0.0246611989568919	0.108033860102296
1095	109.5	-0.0246611989568919	0.108033860102296
1096	109.6	-0.0246611989568919	0.108033860102296
1097	109.7	-0.0246611989568919	0.10932216164656
1098	109.8	-0.0259495005011559	0.10932216164656
1099	109.9	-0.0246611989568919	0.110610463190824
1100	110	-0.0246611989568919	0.110610463190824
1101	110.1	-0.0246611989568919	0.111898764735088
1102	110.2	-0.0246611989568919	0.113187066279352
1103	110.3	-0.0246611989568919	0.113187066279352
1104	110.4	-0.0259495005011559	0.113187066279352
1105	110.5	-0.0259495005011559	0.113187066279352
1106	110.6	-0.0259495005011559	0.114475367823616
1107	110.7	-0.0246611989568919	0.11576366936788
1108	110.8	-0.0259495005011559	0.11576366936788
1109	110.9	-0.0246611989568919	0.11576366936788
1110	111	-0.0272378020454198	0.117051970912144
1111	111.1	-0.0259495005011559	0.117051970912144
1112	111.2	-0.0259495005011559	0.118340272456408
1113	111.3	-0.0246611989568919	0.118340272456408
1114	111.4	-0.0259495005011559	0.118340272456408
1115	111.5	-0.0259495005011559	0.118340272456408
1116	111.6	-0.0259495005011559	0.119628574000672
1117	111.7	-0.0246611989568919	0.120916875544935
1118	111.8	-0.0272378020454198	0.120916875544935
1119	111.9	-0.0259495005011559	0.122205177089199
1120	112	-0.0259495005011559	0.122205177089199
1121	112.1	-0.0272378020454198	0.123493478633463
1122	112.2	-0.0259495005011559	0.123493478633463
1123	112.3	-0.0272378020454198	0.123493478633463
1124	112.4	-0.0259495005011559	0.123493478633463
1125	112.5	-0.0246611989568919	0.124781780177727
1126	112.6	-0.0272378020454198	0.124781780177727
1127	112.7	-0.0246611989568919	0.126070081721991
1128	112.8	-0.0259495005011559	0.126070081721991
1129	112.9	-0.0259495005011559	0.127358383266255
1130	113	-0.0259495005011559	0.127358383266255
1131	113.1	-0.0246611989568919	0.127358383266255
1132	113.2	-0.0272378020454198	0.128646684810519
1133	113.3	-0.0259495005011559	0.128646684810519
1134	113.4	-0.0246611989568919	0.129934986354783
1135	113.5	-0.0259495005011559	0.129934986354783
1136	113.6	-0.0246611989568919	0.131223287899047
1137	113.7	-0.0259495005011559	0.132511589443311
1138	113.8	-0.0246611989568919	0.132511589443311
1139	113.9	-0.0246611989568919	0.133799890987575
1140	114	-0.0259495005011559	0.135088192531839
1141	114.1	-0.0259495005011559	0.135088192531839
1142	114.2	-0.0259495005011559	0.136376494076103
1143	114.3	-0.0272378020454198	0.137664795620367
1144	114.4	-0.0259495005011559	0.137664795620367
1145	114.5	-0.0259495005011559	0.138953097164631
1146	114.6	-0.0259495005011559	0.140241398708895
1147	114.7	-0.0259495005011559	0.140241398708895
1148	114.8	-0.0259495005011559	0.141529700253159
1149	114.9	-0.0259495005011559	0.141529700253159
1150	115	-0.0259495005011559	0.142818001797423
1151	115.1	-0.0246611989568919	0.144106303341687
1152	115.2	-0.0246611989568919	0.145394604885951
1153	115.3	-0.0259495005011559	0.145394604885951
1154	115.4	-0.0246611989568919	0.146682906430215
1155	115.5	-0.0246611989568919	0.146682906430215
1156	115.6	-0.0246611989568919	0.147971207974479
1157	115.7	-0.0246611989568919	0.146682906430215
1158	115.8	-0.0233728974126279	0.147971207974479
1159	115.9	-0.0246611989568919	0.149259509518743
1160	116	-0.0233728974126279	0.149259509518743
1161	116.1	-0.0233728974126279	0.149259509518743
1162	116.2	-0.0233728974126279	0.150547811063007
1163	116.3	-0.0246611989568919	0.15183611260727
1164	116.4	-0.0233728974126279	0.15183611260727
1165	116.5	-0.0246611989568919	0.153124414151534
1166	116.6	-0.0233728974126279	0.154412715695798
1167	116.7	-0.0233728974126279	0.154412715695798
1168	116.8	-0.0246611989568919	0.155701017240062
1169	116.9	-0.0233728974126279	0.155701017240062
1170	117	-0.0246611989568919	0.155701017240062
1171	117.1	-0.0233728974126279	0.156989318784326
1172	117.2	-0.0246611989568919	0.156989318784326
1173	117.3	-0.022084595868364	0.159565921872854
1174	117.4	-0.0233728974126279	0.159565921872854
1175	117.5	-0.0233728974126279	0.160854223417118
1176	117.6	-0.0246611989568919	0.160854223417118
1177	117.7	-0.022084595868364	0.162142524961382
1178	117.8	-0.0233728974126279	0.163430826505646
1179	117.9	-0.0233728974126279	0.16471912804991
1180	118	-0.022084595868364	0.166007429594174
1181	118.1	-0.022084595868364	0.166007429594174
1182	118.2	-0.0233728974126279	0.166007429594174
1183	118.3	-0.022084595868364	0.166007429594174
1184	118.4	-0.0233728974126279	0.167295731138438
1185	118.5	-0.022084595868364	0.168584032682702
1186	118.6	-0.0233728974126279	0.168584032682702
1187	118.7	-0.0233728974126279	0.169872334226966
1188	118.8	-0.0233728974126279	0.17116063577123
1189	118.9	-0.0233728974126279	0.17116063577123
1190	119	-0.0233728974126279	0.172448937315494
1191	119.1	-0.022084595868364	0.173737238859758
1192	119.2	-0.022084595868364	0.175025540404022
1193	119.3	-0.022084595868364	0.173737238859758
1194	119.4	-0.022084595868364	0.175025540404022
1195	119.5	-0.022084595868364	0.176313841948286
1196	119.6	-0.0207962943241	0.17760214349255
1197	119.7	-0.022084595868364	0.17760214349255
1198	119.8	-0.022084595868364	0.17760214349255
1199	119.9	-0.0207962943241	0.178890445036814
1200	120	-0.022084595868364	0.178890445036814
1201	120.1	-0.0207962943241	0.180178746581078
1202	120.2	-0.022084595868364	0.180178746581078
1203	120.3	-0.022084595868364	0.181467048125342
1204	120.4	-0.0207962943241	0.182755349669605
1205	120.5	-0.022084595868364	0.184043651213869
1206	120.6	-0.0207962943241	0.184043651213869
1207	120.7	-0.022084595868364	0.184043651213869
1208	120.8	-0.0207962943241	0.185331952758133
1209	120.9	-0.0207962943241	0.186620254302397
1210	121	-0.0207962943241	0.186620254302397
1211	121.1	-0.022084595868364	0.187908555846661
1212	121.2	-0.0195079927798361	0.187908555846661
1213	121.3	-0.022084595868364	0.189196857390925
1214	121.4	-0.0207962943241	0.189196857390925
1215	121.5	-0.0207962943241	0.190485158935189
1216	121.6	-0.0207962943241	0.190485158935189
1217	121.7	-0.0195079927798361	0.191773460479453
1218	121.8	-0.0207962943241	0.191773460479453
1219	121.9	-0.0207962943241	0.193061762023717
1220	122	-0.0195079927798361	0.193061762023717
1221	122.1	-0.022084595868364	0.194350063567981
1222	122.2	-0.0207962943241	0.194350063567981
1223	122.3	-0.022084595868364	0.194350063567981
1224	122.4	-0.0195079927798361	0.195638365112245
1225	122.5	-0.022084595868364	0.195638365112245
1226	122.6	-0.0207962943241	0.195638365112245
1227	122.7	-0.0207962943241	0.196926666656509
1228	122.8	-0.0207962943241	0.196926666656509
1229	122.9	-0.0207962943241	0.196926666656509
1230	123	-0.0207962943241	0.199503269745037
1231	123.1	-0.0207962943241	0.199503269745037
1232	123.2	-0.0207962943241	0.199503269745037
1233	123.3	-0.0207962943241	0.202079872833565
1234	123.4	-0.022084595868364	0.200791571289301
1235	123.5	-0.022084595868364	0.202079872833565
1236	123.6	-0.022084595868364	0.202079872833565
1237	123.7	-0.022084595868364	0.203368174377829
1238	123.8	-0.022084595868364	0.203368174377829
1239	123.9	-0.022084595868364	0.204656475922093
1240	124	-0.022084595868364	0.204656475922093
1241	124.1	-0.022084595868364	0.205944777466357
1242	124.2	-0.022084595868364	0.207233079010621
1243	124.3	-0.0207962943241	0.207233079010621
1244	124.4	-0.022084595868364	0.207233079010621
1245	124.5	-0.0207962943241	0.207233079010621
1246	124.6	-0.0207962943241	0.208521380554885
1247	124.7	-0.0207962943241	0.208521380554885
1248	124.8	-0.022084595868364	0.208521380554885
1249	124.9	-0.0207962943241	0.208521380554885
1250	125	-0.022084595868364	0.208521380554885
1251	125.1	-0.0195079927798361	0.208521380554885
1252	125.2	-0.022084595868364	0.208521380554885
1253	125.3	-0.022084595868364	0.209809682099149
1254	125.4	-0.0207962943241	0.209809682099149
1255	125.5	-0.022084595868364	0.209809682099149
1256	125.6	-0.0207962943241	0.209809682099149
1257	125.7	-0.0207962943241	0.211097983643413
1258	125.8	-0.0207962943241	0.211097983643413
1259	125.9	-0.0207962943241	0.211097983643413
1260	126	-0.0207962943241	0.212386285187677
1261	126.1	-0.0207962943241	0.212386285187677
1262	126.2	-0.022084595868364	0.212386285187677
1263	126.3	-0.0207962943241	0.213674586731941
1264	126.4	-0.022084595868364	0.213674586731941
1265	126.5	-0.0207962943241	0.214962888276204
1266	126.6	-0.022084595868364	0.216251189820468
1267	126.7	-0.022084595868364	0.217539491364732
1268	126.8	-0.022084595868364	0.217539491364732
1269	126.9	-0.0207962943241	0.218827792908996
1270	127	-0.022084595868364	0.22011609445326
1271	127.1	-0.022084595868364	0.22011609445326
1272	127.2	-0.0207962943241	0.221404395997524
1273	127.3	-0.022084595868364	0.222692697541788
1274	127.4	-0.0207962943241	0.222692697541788
1275	127.5	-0.0207962943241	0.223980999086052
1276	127.6	-0.0207962943241	0.225269300630316
1277	127.7	-0.0207962943241	0.225269300630316
1278	127.8	-0.022084595868364	0.225269300630316
1279	127.9	-0.0207962943241	0.225269300630316
1280	128	-0.022084595868364	0.22655760217458
1281	128.1	-0.0207962943241	0.22655760217458
1282	128.2	-0.0207962943241	0.22655760217458
1283	128.3	-0.0207962943241	0.227845903718844
1284	128.4	-0.022084595868364	0.227845903718844
1285	128.5	-0.022084595868364	0.229134205263108
1286	128.6	-0.022084595868364	0.229134205263108
1287	128.7	-0.022084595868364	0.230422506807372
1288	128.8	-0.022084595868364	0.230422506807372
1289	128.9	-0.022084595868364	0.231710808351636
1290	129	-0.022084595868364	0.2329991098959
1291	129.1	-0.0207962943241	0.2329991098959
1292	129.2	-0.0207962943241	0.234287411440164
1293	129.3	-0.0207962943241	0.234287411440164
1294	129.4	-0.022084595868364	0.235575712984428
1295	129.5	-0.022084595868364	0.235575712984428
1296	129.6	-0.022084595868364	0.236864014528692
1297	129.7	-0.0207962943241	0.23944061761722
1298	129.8	-0.022084595868364	0.23944061761722
1299	129.9	-0.0207962943241	0.240728919161484
1300	130	-0.022084595868364	0.240728919161484
1301	130.1	-0.0207962943241	0.242017220705748
1302	130.2	-0.022084595868364	0.242017220705748
1303	130.3	-0.022084595868364	0.243305522250012
1304	130.4	-0.022084595868364	0.243305522250012
1305	130.5	-0.0207962943241	0.244593823794276
1306	130.6	-0.0233728974126279	0.244593823794276
1307	130.7	-0.0207962943241	0.245882125338539
1308	130.8	-0.022084595868364	0.245882125338539
1309	130.9	-0.0207962943241	0.247170426882803
1310	131	-0.022084595868364	0.247170426882803
1311	131.1	-0.022084595868364	0.247170426882803
1312	131.2	-0.0207962943241	0.248458728427067
1313	131.3	-0.022084595868364	0.249747029971331
1314	131.4	-0.0207962943241	0.249747029971331
1315	131.5	-0.022084595868364	0.249747029971331
1316	131.6	-0.0207962943241	0.251035331515595
1317	131.7	-0.022084595868364	0.252323633059859
1318	131.8	-0.022084595868364	0.253611934604123
1319	131.9	-0.0233728974126279	0.254900236148387
1320	132	-0.0207962943241	0.254900236148387
1321	132.1	-0.022084595868364	0.256188537692651
1322	132.2	-0.022084595868364	0.256188537692651
1323	132.3	-0.0233728974126279	0.257476839236915
1324	132.4	-0.022084595868364	0.257476839236915
1325	132.5	-0.022084595868364	0.258765140781179
1326	132.6	-0.0233728974126279	0.260053442325443
1327	132.7	-0.0233728974126279	0.261341743869707
1328	132.8	-0.0233728974126279	0.261341743869707
1329	132.9	-0.022084595868364	0.262630045413971
1330	133	-0.0233728974126279	0.262630045413971
1331	133.1	-0.0233728974126279	0.263918346958235
1332	133.2	-0.022084595868364	0.265206648502499
1333	133.3	-0.0233728974126279	0.265206648502499
1334	133.4	-0.0233728974126279	0.266494950046763
1335	133.5	-0.0233728974126279	0.266494950046763
1336	133.6	-0.0246611989568919	0.266494950046763
1337	133.7	-0.0233728974126279	0.267783251591027
1338	133.8	-0.0233728974126279	0.269071553135291
1339	133.9	-0.0233728974126279	0.269071553135291
1340	134	-0.022084595868364	0.269071553135291
1341	134.1	-0.0233728974126279	0.270359854679555
1342	134.2	-0.022084595868364	0.270359854679555
1343	134.3	-0.0233728974126279	0.271648156223819
1344	134.4	-0.0233728974126279	0.272936457768083
1345	134.5	-0.0233728974126279	0.272936457768083
1346	134.6	-0.0246611989568919	0.274224759312347
1347	134.7	-0.0233728974126279	0.272936457768083
1348	134.8	-0.0246611989568919	0.274224759312347
1349	134.9	-0.022084595868364	0.274224759312347
1350	135	-0.0246611989568919	0.274224759312347
1351	135.1	-0.0246611989568919	0.274224759312347
1352	135.2	-0.0246611989568919	0.275513060856611
1353	135.3	-0.0233728974126279	0.276801362400874
1354	135.4	-0.0246611989568919	0.276801362400874
1355	135.5	-0.0246611989568919	0.278089663945138
1356	135.6	-0.0246611989568919	0.278089663945138
1357	135.7	-0.0246611989568919	0.279377965489402
1358	135.8	-0.0259495005011559	0.279377965489402
1359	135.9	-0.0246611989568919	0.280666267033666
1360	136	-0.0246611989568919	0.28195456857793
1361	136.1	-0.0246611989568919	0.28195456857793
1362	136.2	-0.0259495005011559	0.28195456857793
1363	136.3	-0.0259495005011559	0.28195456857793
1364	136.4	-0.0246611989568919	0.283242870122194
1365	136.5	-0.0259495005011559	0.283242870122194
1366	136.6	-0.0246611989568919	0.284531171666458
1367	136.7	-0.0259495005011559	0.284531171666458
1368	136.8	-0.0246611989568919	0.285819473210722
1369	136.9	-0.0246611989568919	0.285819473210722
1370	137	-0.0259495005011559	0.287107774754986
1371	137.1	-0.0246611989568919	0.287107774754986
1372	137.2	-0.0259495005011559	0.287107774754986
1373	137.3	-0.0246611989568919	0.28839607629925
1374	137.4	-0.0259495005011559	0.287107774754986
1375	137.5	-0.0246611989568919	0.28839607629925
1376	137.6	-0.0246611989568919	0.28839607629925
1377	137.7	-0.0259495005011559	0.289684377843514
1378	137.8	-0.0259495005011559	0.289684377843514
1379	137.9	-0.0259495005011559	0.289684377843514
1380	138	-0.0259495005011559	0.289684377843514
1381	138.1	-0.0246611989568919	0.290972679387778
1382	138.2	-0.0259495005011559	0.290972679387778
1383	138.3	-0.0259495005011559	0.290972679387778
1384	138.4	-0.0259495005011559	0.292260980932042
1385	138.5	-0.0259495005011559	0.293549282476306
1386	138.6	-0.0246611989568919	0.293549282476306
1387	138.7	-0.0259495005011559	0.29483758402057
1388	138.8	-0.0246611989568919	0.29483758402057
1389	138.9	-0.0259495005011559	0.29483758402057
1390	139	-0.0272378020454198	0.296125885564834
1391	139.1	-0.0259495005011559	0.297414187109098
1392	139.2	-0.0259495005011559	0.297414187109098
1393	139.3	-0.0259495005011559	0.298702488653362
1394	139.4	-0.0259495005011559	0.298702488653362
1395	139.5	-0.0272378020454198	0.298702488653362
1396	139.6	-0.0272378020454198	0.299990790197626
1397	139.7	-0.0259495005011559	0.299990790197626
1398	139.8	-0.0272378020454198	0.302567393286154
1399	139.9	-0.0233728974126279	0.303855694830418
1400	140	-0.0272378020454198	0.303855694830418
1401	140.1	-0.0259495005011559	0.305143996374682
1402	140.2	-0.0272378020454198	0.305143996374682
1403	140.3	-0.0259495005011559	0.306432297918946
1404	140.4	-0.0259495005011559	0.30772059946321
1405	140.5	-0.0259495005011559	0.30772059946321
1406	140.6	-0.0259495005011559	0.309008901007473
1407	140.7	-0.0272378020454198	0.310297202551737
1408	140.8	-0.0259495005011559	0.310297202551737
1409	140.9	-0.0259495005011559	0.310297202551737
1410	141	-0.0259495005011559	0.311585504096001
1411	141.1	-0.0246611989568919	0.312873805640265
1412	141.2	-0.0259495005011559	0.312873805640265
1413	141.3	-0.0259495005011559	0.314162107184529
1414	141.4	-0.0259495005011559	0.314162107184529
1415	141.5	-0.0259495005011559	0.314162107184529
1416	141.6	-0.0246611989568919	0.315450408728793
1417	141.7	-0.0259495005011559	0.315450408728793
1418	141.8	-0.0259495005011559	0.316738710273057
1419	141.9	-0.0246611989568919	0.316738710273057
1420	142	-0.0259495005011559	0.316738710273057
1421	142.1	-0.0246611989568919	0.318027011817321
1422	142.2	-0.0259495005011559	0.318027011817321
1423	142.3	-0.0259495005011559	0.318027011817321
1424	142.4	-0.0259495005011559	0.319315313361585
1425	142.5	-0.0259495005011559	0.319315313361585
1426	142.6	-0.0259495005011559	0.319315313361585
1427	142.7	-0.0246611989568919	0.320603614905849
1428	142.8	-0.0259495005011559	0.320603614905849
1429	142.9	-0.0259495005011559	0.320603614905849
1430	143	-0.0246611989568919	0.321891916450113
1431	143.1	-0.0246611989568919	0.323180217994377
1432	143.2	-0.0259495005011559	0.323180217994377
1433	143.3	-0.0246611989568919	0.323180217994377
1434	143.4	-0.0246611989568919	0.324468519538641
1435	143.5	-0.0233728974126279	0.324468519538641
1436	143.6	-0.0246611989568919	0.324468519538641
1437	143.7	-0.0259495005011559	0.324468519538641
1438	143.8	-0.0246611989568919	0.324468519538641
1439	143.9	-0.0259495005011559	0.325756821082905
1440	144	-0.0246611989568919	0.325756821082905
1441	144.1	-0.0259495005011559	0.325756821082905
1442	144.2	-0.0246611989568919	0.327045122627169
1443	144.3	-0.0246611989568919	0.325756821082905
1444	144.4	-0.0233728974126279	0.327045122627169
1445	144.5	-0.0259495005011559	0.327045122627169
1446	144.6	-0.0246611989568919	0.327045122627169
1447	144.7	-0.0246611989568919	0.328333424171433
1448	144.8	-0.0246611989568919	0.328333424171433
1449	144.9	-0.0233728974126279	0.329621725715697
1450	145	-0.0246611989568919	0.329621725715697
1451	145.1	-0.0233728974126279	0.328333424171433
1452	145.2	-0.0233728974126279	0.329621725715697
1453	145.3	-0.0233728974126279	0.329621725715697
1454	145.4	-0.0233728974126279	0.330910027259961
1455	145.5	-0.0246611989568919	0.330910027259961
1456	145.6	-0.0233728974126279	0.330910027259961
1457	145.7	-0.0246611989568919	0.330910027259961
1458	145.8	-0.0233728974126279	0.332198328804225
1459	145.9	-0.0246611989568919	0.332198328804225
1460	146	-0.0233728974126279	0.333486630348489
1461	146.1	-0.0246611989568919	0.333486630348489
1462	146.2	-0.0233728974126279	0.334774931892753
1463	146.3	-0.0246611989568919	0.334774931892753
1464	146.4	-0.0233728974126279	0.336063233437017
1465	146.5	-0.0246611989568919	0.337351534981281
1466	146.6	-0.0233728974126279	0.337351534981281
1467	146.7	-0.0233728974126279	0.338639836525545
1468	146.8	-0.0233728974126279	0.338639836525545
1469	146.9	-0.0233728974126279	0.339928138069808
1470	147	-0.0246611989568919	0.339928138069808
1471	147.1	-0.0233728974126279	0.342504741158336
1472	147.2	-0.0233728974126279	0.3437930427026
1473	147.3	-0.0233728974126279	0.3437930427026
1474	147.4	-0.0233728974126279	0.3437930427026
1475	147.5	-0.0233728974126279	0.345081344246864
1476	147.6	-0.0233728974126279	0.345081344246864
1477	147.7	-0.022084595868364	0.346369645791128
1478	147.8	-0.0233728974126279	0.347657947335392
1479	147.9	-0.0233728974126279	0.348946248879656
1480	148	-0.022084595868364	0.348946248879656
1481	148.1	-0.0246611989568919	0.348946248879656
1482	148.2	-0.0233728974126279	0.35023455042392
1483	148.3	-0.0233728974126279	0.35023455042392
1484	148.4	-0.0233728974126279	0.351522851968184
1485	148.5	-0.0233728974126279	0.351522851968184
1486	148.6	-0.022084595868364	0.351522851968184
1487	148.7	-0.022084595868364	0.352811153512448
1488	148.8	-0.022084595868364	0.352811153512448
1489	148.9	-0.0233728974126279	0.352811153512448
1490	149	-0.0207962943241	0.354099455056712
1491	149.1	-0.022084595868364	0.354099455056712
1492	149.2	-0.022084595868364	0.355387756600976
1493	149.3	-0.022084595868364	0.35667605814524
1494	149.4	-0.0233728974126279	0.35667605814524
1495	149.5	-0.022084595868364	0.357964359689504
1496	149.6	-0.022084595868364	0.357964359689504
1497	149.7	-0.0207962943241	0.357964359689504
1498	149.8	-0.022084595868364	0.359252661233768
1499	149.9	-0.0207962943241	0.359252661233768
1500	150	-0.0207962943241	0.359252661233768
1501	150.1	-0.0207962943241	0.360540962778032
1502	150.2	-0.0207962943241	0.360540962778032
1503	150.3	-0.022084595868364	0.360540962778032
1504	150.4	-0.0207962943241	0.360540962778032
1505	150.5	-0.022084595868364	0.360540962778032
1506	150.6	-0.0207962943241	0.361829264322296
1507	150.7	-0.022084595868364	0.361829264322296
1508	150.8	-0.0207962943241	0.361829264322296
1509	150.9	-0.0207962943241	0.36311756586656
1510	151	-0.0207962943241	0.36311756586656
1511	151.1	-0.0207962943241	0.364405867410824
1512	151.2	-0.022084595868364	0.364405867410824
1513	151.3	-0.0207962943241	0.365694168955088
1514	151.4	-0.022084595868364	0.365694168955088
1515	151.5	-0.022084595868364	0.365694168955088
1516	151.6	-0.0207962943241	0.368270772043616
1517	151.7	-0.022084595868364	0.368270772043616
1518	151.8	-0.0207962943241	0.36955907358788
1519	151.9	-0.022084595868364	0.368270772043616
1520	152	-0.0207962943241	0.36955907358788
1521	152.1	-0.0207962943241	0.370847375132143
1522	152.2	-0.0207962943241	0.372135676676407
1523	152.3	-0.0207962943241	0.372135676676407
1524	152.4	-0.0207962943241	0.372135676676407
1525	152.5	-0.0207962943241	0.373423978220671
1526	152.6	-0.022084595868364	0.373423978220671
1527	152.7	-0.0207962943241	0.376000581309199
1528	152.8	-0.0195079927798361	0.376000581309199
1529	152.9	-0.0207962943241	0.376000581309199
1530	153	-0.0195079927798361	0.377288882853463
1531	153.1	-0.0207962943241	0.377288882853463
1532	153.2	-0.0207962943241	0.378577184397727
1533	153.3	-0.0195079927798361	0.378577184397727
1534	153.4	-0.0207962943241	0.378577184397727
1535	153.5	-0.0195079927798361	0.379865485941991
1536	153.6	-0.0207962943241	0.379865485941991
1537	153.7	-0.0207962943241	0.381153787486255
1538	153.8	-0.0207962943241	0.381153787486255
1539	153.9	-0.0207962943241	0.381153787486255
1540	154	-0.0207962943241	0.382442089030519
1541	154.1	-0.022084595868364	0.382442089030519
1542	154.2	-0.0207962943241	0.383730390574783
1543	154.3	-0.022084595868364	0.383730390574783
1544	154.4	-0.0195079927798361	0.383730390574783
1545	154.5	-0.0207962943241	0.385018692119047
1546	154.6	-0.0207962943241	0.385018692119047
1547	154.7	-0.0207962943241	0.387595295207575
1548	154.8	-0.0207962943241	0.387595295207575
1549	154.9	-0.0207962943241	0.388883596751839
1550	155	-0.0207962943241	0.388883596751839
1551	155.1	-0.0207962943241	0.388883596751839
1552	155.2	-0.0207962943241	0.390171898296103
1553	155.3	-0.0207962943241	0.390171898296103
1554	155.4	-0.0207962943241	0.391460199840367
1555	155.5	-0.0207962943241	0.391460199840367
1556	155.6	-0.0207962943241	0.392748501384631
1557	155.7	-0.0207962943241	0.392748501384631
1558	155.8	-0.0195079927798361	0.395325104473159
1559	155.9	-0.022084595868364	0.394036802928895
1560	156	-0.0207962943241	0.394036802928895
1561	156.1	-0.022084595868364	0.395325104473159
1562	156.2	-0.022084595868364	0.395325104473159
1563	156.3	-0.0207962943241	0.396613406017423
1564	156.4	-0.0207962943241	0.396613406017423
1565	156.5	-0.022084595868364	0.396613406017423
1566	156.6	-0.022084595868364	0.397901707561687
1567	156.7	-0.022084595868364	0.397901707561687
1568	156.8	-0.0207962943241	0.397901707561687
1569	156.9	-0.0207962943241	0.399190009105951
1570	157	-0.022084595868364	0.399190009105951
1571	157.1	-0.022084595868364	0.399190009105951
1572	157.2	-0.022084595868364	0.400478310650215
1573	157.3	-0.0233728974126279	0.401766612194479
1574	157.4	-0.0233728974126279	0.404343215283006
1575	157.5	-0.022084595868364	0.404343215283006
1576	157.6	-0.022084595868364	0.40563151682727
1577	157.7	-0.022084595868364	0.40563151682727
1578	157.8	-0.0233728974126279	0.406919818371534
1579	157.9	-0.0207962943241	0.406919818371534
1580	158	-0.022084595868364	0.406919818371534
1581	158.1	-0.022084595868364	0.406919818371534
1582	158.2	-0.0233728974126279	0.408208119915798
1583	158.3	-0.0233728974126279	0.408208119915798
1584	158.4	-0.022084595868364	0.409496421460062
1585	158.5	-0.0233728974126279	0.409496421460062
1586	158.6	-0.022084595868364	0.410784723004326
1587	158.7	-0.0233728974126279	0.410784723004326
1588	158.8	-0.022084595868364	0.41207302454859
1589	158.9	-0.0233728974126279	0.41207302454859
1590	159	-0.022084595868364	0.41207302454859
1591	159.1	-0.0233728974126279	0.413361326092854
1592	159.2	-0.022084595868364	0.413361326092854
1593	159.3	-0.0233728974126279	0.413361326092854
1594	159.4	-0.0233728974126279	0.414649627637118
1595	159.5	-0.0246611989568919	0.413361326092854
1596	159.6	-0.0233728974126279	0.414649627637118
1597	159.7	-0.0246611989568919	0.415937929181382
1598	159.8	-0.0233728974126279	0.415937929181382
1599	159.9	-0.0246611989568919	0.415937929181382
1600	160	-0.0246611989568919	0.415937929181382
1601	160.1	-0.0246611989568919	0.417226230725646
1602	160.2	-0.0233728974126279	0.417226230725646
1603	160.3	-0.0246611989568919	0.417226230725646
1604	160.4	-0.0233728974126279	0.41851453226991
1605	160.5	-0.0246611989568919	0.41851453226991
1606	160.6	-0.0246611989568919	0.419802833814174
1607	160.7	-0.0246611989568919	0.41851453226991
1608	160.8	-0.0246611989568919	0.419802833814174
1609	160.9	-0.0259495005011559	0.419802833814174
1610	161	-0.0246611989568919	0.421091135358438
1611	161.1	-0.0246611989568919	0.422379436902702
1612	161.2	-0.0246611989568919	0.422379436902702
1613	161.3	-0.0246611989568919	0.423667738446966
1614	161.4	-0.0259495005011559	0.42495603999123
1615	161.5	-0.0259495005011559	0.42495603999123
1616	161.6	-0.0246611989568919	0.42495603999123
1617	161.7	-0.0259495005011559	0.426244341535494
1618	161.8	-0.0259495005011559	0.426244341535494
1619	161.9	-0.0259495005011559	0.426244341535494
1620	162	-0.0246611989568919	0.427532643079758
1621	162.1	-0.0246611989568919	0.427532643079758
1622	162.2	-0.0259495005011559	0.428820944624022
1623	162.3	-0.0259495005011559	0.428820944624022
1624	162.4	-0.0246611989568919	0.428820944624022
1625	162.5	-0.0259495005011559	0.430109246168286
1626	162.6	-0.0259495005011559	0.430109246168286
1627	162.7	-0.0259495005011559	0.430109246168286
1628	162.8	-0.0259495005011559	0.43139754771255
1629	162.9	-0.0259495005011559	0.43139754771255
1630	163	-0.0246611989568919	0.43139754771255
1631	163.1	-0.0259495005011559	0.432685849256814
1632	163.2	-0.0259495005011559	0.432685849256814
1633	163.3	-0.0259495005011559	0.432685849256814
1634	163.4	-0.0246611989568919	0.432685849256814
1635	163.5	-0.0259495005011559	0.433974150801077
1636	163.6	-0.0259495005011559	0.433974150801077
1637	163.7	-0.0259495005011559	0.433974150801077
1638	163.8	-0.0246611989568919	0.435262452345341
1639	163.9	-0.0259495005011559	0.435262452345341
1640	164	-0.0272378020454198	0.436550753889605
1641	164.1	-0.0259495005011559	0.436550753889605
1642	164.2	-0.0259495005011559	0.436550753889605
1643	164.3	-0.0259495005011559	0.437839055433869
1644	164.4	-0.0259495005011559	0.437839055433869
1645	164.5	-0.0259495005011559	0.439127356978133
1646	164.6	-0.0259495005011559	0.440415658522397
1647	164.7	-0.0259495005011559	0.440415658522397
1648	164.8	-0.0259495005011559	0.439127356978133
1649	164.9	-0.0259495005011559	0.440415658522397
1650	165	-0.0272378020454198	0.440415658522397
1651	165.1	-0.0259495005011559	0.441703960066661
1652	165.2	-0.0272378020454198	0.442992261610925
1653	165.3	-0.0259495005011559	0.442992261610925
1654	165.4	-0.0259495005011559	0.442992261610925
1655	165.5	-0.0259495005011559	0.442992261610925
1656	165.6	-0.0259495005011559	0.444280563155189
1657	165.7	-0.0246611989568919	0.444280563155189
1658	165.8	-0.0259495005011559	0.444280563155189
1659	165.9	-0.0259495005011559	0.444280563155189
1660	166	-0.0259495005011559	0.445568864699453
1661	166.1	-0.0272378020454198	0.446857166243717
1662	166.2	-0.0259495005011559	0.446857166243717
1663	166.3	-0.0259495005011559	0.446857166243717
1664	166.4	-0.0259495005011559	0.446857166243717
1665	166.5	-0.0259495005011559	0.448145467787981
1666	166.6	-0.0246611989568919	0.448145467787981
1667	166.7	-0.0259495005011559	0.449433769332245
1668	166.8	-0.0259495005011559	0.449433769332245
1669	166.9	-0.0259495005011559	0.449433769332245
1670	167	-0.0259495005011559	0.449433769332245
1671	167.1	-0.0259495005011559	0.449433769332245
1672	167.2	-0.0259495005011559	0.449433769332245
1673	167.3	-0.0259495005011559	0.450722070876509
1674	167.4	-0.0246611989568919	0.450722070876509
1675	167.5	-0.0246611989568919	0.452010372420773
1676	167.6	-0.0246611989568919	0.452010372420773
1677	167.7	-0.0259495005011559	0.452010372420773
1678	167.8	-0.0246611989568919	0.452010372420773
1679	167.9	-0.0259495005011559	0.453298673965037
1680	168	-0.0246611989568919	0.453298673965037
1681	168.1	-0.0259495005011559	0.453298673965037
1682	168.2	-0.0246611989568919	0.453298673965037
1683	168.3	-0.0259495005011559	0.454586975509301
1684	168.4	-0.0246611989568919	0.454586975509301
1685	168.5	-0.0259495005011559	0.455875277053565
1686	168.6	-0.0246611989568919	0.455875277053565
1687	168.7	-0.0233728974126279	0.457163578597829
1688	168.8	-0.0246611989568919	0.457163578597829
1689	168.9	-0.0246611989568919	0.459740181686357
1690	169	-0.0233728974126279	0.461028483230621
1691	169.1	-0.0246611989568919	0.461028483230621
1692	169.2	-0.0246611989568919	0.461028483230621
1693	169.3	-0.0259495005011559	0.462316784774885
1694	169.4	-0.0246611989568919	0.462316784774885
1695	169.5	-0.0259495005011559	0.463605086319149
1696	169.6	-0.0246611989568919	0.463605086319149
1697	169.7	-0.0259495005011559	0.464893387863412
1698	169.8	-0.0246611989568919	0.464893387863412
1699	169.9	-0.0259495005011559	0.466181689407676
1700	170	-0.0233728974126279	0.46746999095194
1701	170.1	-0.0246611989568919	0.46746999095194
1702	170.2	-0.0233728974126279	0.46746999095194
1703	170.3	-0.0246611989568919	0.46746999095194
1704	170.4	-0.0233728974126279	0.468758292496204
1705	170.5	-0.0233728974126279	0.468758292496204
1706	170.6	-0.0233728974126279	0.470046594040468
1707	170.7	-0.0246611989568919	0.470046594040468
1708	170.8	-0.0246611989568919	0.470046594040468
1709	170.9	-0.0233728974126279	0.471334895584732
1710	171	-0.0246611989568919	0.472623197128996
1711	171.1	-0.0246611989568919	0.47391149867326
1712	171.2	-0.0246611989568919	0.47391149867326
1713	171.3	-0.0233728974126279	0.475199800217524
1714	171.4	-0.0233728974126279	0.475199800217524
1715	171.5	-0.0233728974126279	0.477776403306052
1716	171.6	-0.0233728974126279	0.479064704850316
1717	171.7	-0.0233728974126279	0.48035300639458
1718	171.8	-0.0246611989568919	0.48035300639458
1719	171.9	-0.0246611989568919	0.481641307938844
1720	172	-0.0233728974126279	0.481641307938844
1721	172.1	-0.0233728974126279	0.482929609483108
1722	172.2	-0.0233728974126279	0.481641307938844
1723	172.3	-0.0233728974126279	0.482929609483108
1724	172.4	-0.022084595868364	0.484217911027372
1725	172.5	-0.0233728974126279	0.484217911027372
1726	172.6	-0.022084595868364	0.485506212571636
1727	172.7	-0.0233728974126279	0.485506212571636
1728	172.8	-0.0233728974126279	0.4867945141159
1729	172.9	-0.0233728974126279	0.488082815660164
1730	173	-0.0233728974126279	0.488082815660164
1731	173.1	-0.0233728974126279	0.489371117204428
1732	173.2	-0.022084595868364	0.489371117204428
1733	173.3	-0.0233728974126279	0.490659418748692
1734	173.4	-0.0233728974126279	0.490659418748692
1735	173.5	-0.022084595868364	0.491947720292956
1736	173.6	-0.022084595868364	0.491947720292956
1737	173.7	-0.022084595868364	0.49323602183722
1738	173.8	-0.022084595868364	0.494524323381484
1739	173.9	-0.0233728974126279	0.494524323381484
1740	174	-0.022084595868364	0.497100926470011
1741	174.1	-0.022084595868364	0.498389228014275
1742	174.2	-0.022084595868364	0.498389228014275
1743	174.3	-0.0233728974126279	0.498389228014275
1744	174.4	-0.022084595868364	0.499677529558539
1745	174.5	-0.022084595868364	0.500965831102803
1746	174.6	-0.0207962943241	0.503542434191331
1747	174.7	-0.022084595868364	0.503542434191331
1748	174.8	-0.0195079927798361	0.503542434191331
1749	174.9	-0.022084595868364	0.504830735735595
1750	175	-0.0207962943241	0.503542434191331
1751	175.1	-0.0207962943241	0.504830735735595
1752	175.2	-0.0207962943241	0.506119037279859
1753	175.3	-0.022084595868364	0.507407338824123
1754	175.4	-0.022084595868364	0.507407338824123
1755	175.5	-0.022084595868364	0.508695640368387
1756	175.6	-0.022084595868364	0.509983941912651
1757	175.7	-0.0207962943241	0.509983941912651
1758	175.8	-0.022084595868364	0.511272243456915
1759	175.9	-0.0207962943241	0.513848846545443
1760	176	-0.0207962943241	0.513848846545443
1761	176.1	-0.022084595868364	0.515137148089707
1762	176.2	-0.0207962943241	0.516425449633971
1763	176.3	-0.022084595868364	0.516425449633971
1764	176.4	-0.0207962943241	0.516425449633971
1765	176.5	-0.022084595868364	0.517713751178235
1766	176.6	-0.0207962943241	0.519002052722499
1767	176.7	-0.022084595868364	0.519002052722499
1768	176.8	-0.0207962943241	0.519002052722499
1769	176.9	-0.0207962943241	0.519002052722499
1770	177	-0.022084595868364	0.520290354266763
1771	177.1	-0.022084595868364	0.520290354266763
1772	177.2	-0.0207962943241	0.521578655811027
1773	177.3	-0.022084595868364	0.521578655811027
1774	177.4	-0.0207962943241	0.521578655811027
1775	177.5	-0.0207962943241	0.522866957355291
1776	177.6	-0.022084595868364	0.522866957355291
1777	177.7	-0.0207962943241	0.522866957355291
1778	177.8	-0.0207962943241	0.524155258899555
1779	177.9	-0.0207962943241	0.525443560443819
1780	178	-0.0207962943241	0.526731861988083
1781	178.1	-0.0207962943241	0.528020163532346
1782	178.2	-0.0207962943241	0.528020163532346
1783	178.3	-0.0195079927798361	0.530596766620874
1784	178.4	-0.022084595868364	0.531885068165138
1785	178.5	-0.0207962943241	0.531885068165138
1786	178.6	-0.0195079927798361	0.531885068165138
1787	178.7	-0.0207962943241	0.534461671253666
1788	178.8	-0.0207962943241	0.534461671253666
1789	178.9	-0.022084595868364	0.537038274342194
1790	179	-0.0207962943241	0.537038274342194
1791	179.1	-0.0195079927798361	0.539614877430722
1792	179.2	-0.0207962943241	0.539614877430722
1793	179.3	-0.0195079927798361	0.540903178974986
1794	179.4	-0.0207962943241	0.54219148051925
1795	179.5	-0.0207962943241	0.543479782063514
1796	179.6	-0.0207962943241	0.544768083607778
1797	179.7	-0.022084595868364	0.546056385152042
1798	179.8	-0.0195079927798361	0.546056385152042
1799	179.9	-0.0207962943241	0.547344686696306
1800	180	-0.0195079927798361	0.54863298824057
1801	180.1	-0.0207962943241	0.54863298824057
1802	180.2	-0.0207962943241	0.549921289784834
1803	180.3	-0.0207962943241	0.549921289784834
1804	180.4	-0.0207962943241	0.551209591329098
1805	180.5	-0.022084595868364	0.551209591329098
1806	180.6	-0.0207962943241	0.552497892873362
1807	180.7	-0.0207962943241	0.552497892873362
1808	180.8	-0.0207962943241	0.552497892873362
1809	180.9	-0.0207962943241	0.55507449596189
1810	181	-0.0207962943241	0.556362797506154
1811	181.1	-0.022084595868364	0.556362797506154
1812	181.2	-0.0207962943241	0.557651099050418
1813	181.3	-0.0207962943241	0.557651099050418
1814	181.4	-0.0207962943241	0.557651099050418
1815	181.5	-0.022084595868364	0.558939400594682
1816	181.6	-0.0207962943241	0.558939400594682
1817	181.7	-0.0207962943241	0.560227702138945
1818	181.8	-0.0207962943241	0.560227702138945
1819	181.9	-0.022084595868364	0.561516003683209
1820	182	-0.0207962943241	0.560227702138945
1821	182.1	-0.022084595868364	0.561516003683209
1822	182.2	-0.022084595868364	0.562804305227473
1823	182.3	-0.0207962943241	0.564092606771737
1824	182.4	-0.022084595868364	0.564092606771737
1825	182.5	-0.0207962943241	0.565380908316001
1826	182.6	-0.022084595868364	0.565380908316001
1827	182.7	-0.0207962943241	0.566669209860265
1828	182.8	-0.022084595868364	0.566669209860265
1829	182.9	-0.022084595868364	0.566669209860265
1830	183	-0.022084595868364	0.567957511404529
1831	183.1	-0.0207962943241	0.569245812948793
1832	183.2	-0.022084595868364	0.570534114493057
1833	183.3	-0.022084595868364	0.570534114493057
1834	183.4	-0.022084595868364	0.571822416037321
1835	183.5	-0.022084595868364	0.573110717581585
1836	183.6	-0.0233728974126279	0.574399019125849
1837	183.7	-0.0207962943241	0.575687320670113
1838	183.8	-0.022084595868364	0.576975622214377
1839	183.9	-0.022084595868364	0.578263923758641
1840	184	-0.0233728974126279	0.579552225302905
1841	184.1	-0.0207962943241	0.580840526847169
1842	184.2	-0.0233728974126279	0.580840526847169
1843	184.3	-0.022084595868364	0.580840526847169
1844	184.4	-0.022084595868364	0.582128828391433
1845	184.5	-0.022084595868364	0.582128828391433
1846	184.6	-0.0233728974126279	0.583417129935697
1847	184.7	-0.022084595868364	0.584705431479961
1848	184.8	-0.0233728974126279	0.585993733024225
1849	184.9	-0.0233728974126279	0.587282034568489
1850	185	-0.022084595868364	0.588570336112753
1851	185.1	-0.0233728974126279	0.588570336112753
1852	185.2	-0.0233728974126279	0.589858637657017
1853	185.3	-0.0246611989568919	0.59114693920128
1854	185.4	-0.0233728974126279	0.592435240745544
1855	185.5	-0.0233728974126279	0.592435240745544
1856	185.6	-0.0233728974126279	0.593723542289808
1857	185.7	-0.0233728974126279	0.595011843834072
1858	185.8	-0.022084595868364	0.596300145378336
1859	185.9	-0.0233728974126279	0.5975884469226
1860	186	-0.0233728974126279	0.598876748466864
1861	186.1	-0.0233728974126279	0.598876748466864
1862	186.2	-0.0233728974126279	0.600165050011128
1863	186.3	-0.0233728974126279	0.600165050011128
1864	186.4	-0.0233728974126279	0.602741653099656
1865	186.5	-0.0246611989568919	0.60402995464392
1866	186.6	-0.0246611989568919	0.60402995464392
1867	186.7	-0.0259495005011559	0.60402995464392
1868	186.8	-0.0259495005011559	0.606606557732448
1869	186.9	-0.0246611989568919	0.607894859276712
1870	187	-0.0259495005011559	0.607894859276712
1871	187.1	-0.0233728974126279	0.609183160820976
1872	187.2	-0.0246611989568919	0.609183160820976
1873	187.3	-0.0246611989568919	0.61047146236524
1874	187.4	-0.0259495005011559	0.609183160820976
1875	187.5	-0.0259495005011559	0.61047146236524
1876	187.6	-0.0233728974126279	0.61047146236524
1877	187.7	-0.0259495005011559	0.611759763909504
1878	187.8	-0.0246611989568919	0.611759763909504
1879	187.9	-0.0246611989568919	0.611759763909504
1880	188	-0.0259495005011559	0.613048065453768
1881	188.1	-0.0246611989568919	0.613048065453768
1882	188.2	-0.0246611989568919	0.614336366998032
1883	188.3	-0.0259495005011559	0.615624668542296
1884	188.4	-0.0246611989568919	0.61691297008656
1885	188.5	-0.0259495005011559	0.618201271630824
1886	188.6	-0.0246611989568919	0.619489573175088
1887	188.7	-0.0259495005011559	0.620777874719352
1888	188.8	-0.0259495005011559	0.622066176263615
1889	188.9	-0.0246611989568919	0.623354477807879
1890	189	-0.0246611989568919	0.624642779352143
1891	189.1	-0.0246611989568919	0.625931080896407
1892	189.2	-0.0259495005011559	0.625931080896407
1893	189.3	-0.0259495005011559	0.627219382440671
1894	189.4	-0.0246611989568919	0.628507683984935
1895	189.5	-0.0259495005011559	0.628507683984935
1896	189.6	-0.0272378020454198	0.631084287073463
1897	189.7	-0.0259495005011559	0.631084287073463
1898	189.8	-0.0259495005011559	0.632372588617727
1899	189.9	-0.0259495005011559	0.632372588617727
1900	190	-0.0259495005011559	0.633660890161991
1901	190.1	-0.0259495005011559	0.634949191706255
1902	190.2	-0.0259495005011559	0.634949191706255
1903	190.3	-0.0259495005011559	0.636237493250519
1904	190.4	-0.0259495005011559	0.636237493250519
1905	190.5	-0.0246611989568919	0.638814096339047
1906	190.6	-0.0259495005011559	0.640102397883311
1907	190.7	-0.0259495005011559	0.642679000971839
1908	190.8	-0.0272378020454198	0.642679000971839
1909	190.9	-0.0259495005011559	0.642679000971839
1910	191	-0.0246611989568919	0.643967302516103
1911	191.1	-0.0259495005011559	0.645255604060367
1912	191.2	-0.0246611989568919	0.645255604060367
1913	191.3	-0.0259495005011559	0.647832207148895
1914	191.4	-0.0259495005011559	0.647832207148895
1915	191.5	-0.0259495005011559	0.649120508693159
1916	191.6	-0.0259495005011559	0.649120508693159
1917	191.7	-0.0246611989568919	0.650408810237423
1918	191.8	-0.0259495005011559	0.650408810237423
1919	191.9	-0.0246611989568919	0.650408810237423
1920	192	-0.0259495005011559	0.650408810237423
