Number of measurement points: 1351
Sample Rate (Hz): 10
Low limit Ch0 (V): -10
Upper limit Ch0 (V): 10
Low limit Ch1 (V): -10
Upper limit Ch1 (V): 10

Index	Time[s]	Ch0[V]	Ch1[V]
0	0	-0.0800581653602421	-0.743533460656181
1	0.1	-0.022084595868364	-0.742245159111917
2	0.2	-0.0233728974126279	-0.743533460656181
3	0.3	-0.0233728974126279	-0.743533460656181
4	0.4	-0.0233728974126279	-0.743533460656181
5	0.5	-0.0246611989568919	-0.743533460656181
6	0.6	-0.0233728974126279	-0.743533460656181
7	0.7	-0.0246611989568919	-0.743533460656181
8	0.8	-0.0246611989568919	-0.743533460656181
9	0.9	-0.0233728974126279	-0.743533460656181
10	1	-0.0233728974126279	-0.743533460656181
11	1.1	-0.0233728974126279	-0.743533460656181
12	1.2	-0.0233728974126279	-0.743533460656181
13	1.3	-0.0259495005011559	-0.743533460656181
14	1.4	-0.022084595868364	-0.743533460656181
15	1.5	-0.0233728974126279	-0.743533460656181
16	1.6	-0.0233728974126279	-0.743533460656181
17	1.7	-0.0233728974126279	-0.743533460656181
18	1.8	-0.0246611989568919	-0.743533460656181
19	1.9	-0.0233728974126279	-0.743533460656181
20	2	-0.0246611989568919	-0.743533460656181
21	2.1	-0.0233728974126279	-0.743533460656181
22	2.2	-0.0246611989568919	-0.743533460656181
23	2.3	-0.0233728974126279	-0.743533460656181
24	2.4	-0.0233728974126279	-0.743533460656181
25	2.5	-0.0246611989568919	-0.743533460656181
26	2.6	-0.0259495005011559	-0.743533460656181
27	2.7	-0.0233728974126279	-0.743533460656181
28	2.8	-0.0246611989568919	-0.744821762200445
29	2.9	-0.0246611989568919	-0.744821762200445
30	3	-0.0246611989568919	-0.744821762200445
31	3.1	-0.0233728974126279	-0.743533460656181
32	3.2	-0.0246611989568919	-0.742245159111917
33	3.3	-0.0246611989568919	-0.742245159111917
34	3.4	-0.0233728974126279	-0.740956857567653
35	3.5	-0.0233728974126279	-0.738380254479125
36	3.6	-0.0246611989568919	-0.737091952934861
37	3.7	-0.0246611989568919	-0.737091952934861
38	3.8	-0.0246611989568919	-0.735803651390597
39	3.9	-0.0246611989568919	-0.734515349846333
40	4	-0.0246611989568919	-0.731938746757805
41	4.1	-0.0246611989568919	-0.730650445213541
42	4.2	-0.0246611989568919	-0.729362143669277
43	4.3	-0.0233728974126279	-0.728073842125013
44	4.4	-0.0246611989568919	-0.72678554058075
45	4.5	-0.0246611989568919	-0.725497239036486
46	4.6	-0.0233728974126279	-0.724208937492222
47	4.7	-0.0246611989568919	-0.722920635947958
48	4.8	-0.0233728974126279	-0.721632334403694
49	4.9	-0.0246611989568919	-0.719055731315166
50	5	-0.0246611989568919	-0.717767429770902
51	5.1	-0.0246611989568919	-0.716479128226638
52	5.2	-0.0246611989568919	-0.715190826682374
53	5.3	-0.0246611989568919	-0.712614223593846
54	5.4	-0.0233728974126279	-0.711325922049582
55	5.5	-0.0246611989568919	-0.710037620505318
56	5.6	-0.0246611989568919	-0.708749318961054
57	5.7	-0.0233728974126279	-0.70746101741679
58	5.8	-0.0233728974126279	-0.706172715872526
59	5.9	-0.0246611989568919	-0.706172715872526
60	6	-0.0233728974126279	-0.703596112783998
61	6.1	-0.0233728974126279	-0.702307811239734
62	6.2	-0.0246611989568919	-0.70101950969547
63	6.3	-0.0233728974126279	-0.70101950969547
64	6.4	-0.0233728974126279	-0.699731208151206
65	6.5	-0.0246611989568919	-0.699731208151206
66	6.6	-0.0233728974126279	-0.698442906606942
67	6.7	-0.0233728974126279	-0.697154605062678
68	6.8	-0.0233728974126279	-0.695866303518414
69	6.9	-0.0233728974126279	-0.694578001974151
70	7	-0.0233728974126279	-0.692001398885623
71	7.1	-0.0246611989568919	-0.692001398885623
72	7.2	-0.0233728974126279	-0.690713097341359
73	7.3	-0.0246611989568919	-0.689424795797095
74	7.4	-0.0246611989568919	-0.688136494252831
75	7.5	-0.0246611989568919	-0.688136494252831
76	7.6	-0.0233728974126279	-0.686848192708567
77	7.7	-0.0246611989568919	-0.686848192708567
78	7.8	-0.0246611989568919	-0.686848192708567
79	7.9	-0.0233728974126279	-0.688136494252831
80	8	-0.0246611989568919	-0.686848192708567
81	8.1	-0.0246611989568919	-0.686848192708567
82	8.2	-0.0233728974126279	-0.686848192708567
83	8.3	-0.0246611989568919	-0.688136494252831
84	8.4	-0.0259495005011559	-0.686848192708567
85	8.5	-0.0246611989568919	-0.688136494252831
86	8.6	-0.0246611989568919	-0.688136494252831
87	8.7	-0.0246611989568919	-0.686848192708567
88	8.8	-0.0246611989568919	-0.688136494252831
89	8.9	-0.0246611989568919	-0.688136494252831
90	9	-0.0246611989568919	-0.688136494252831
91	9.1	-0.0246611989568919	-0.688136494252831
92	9.2	-0.0246611989568919	-0.686848192708567
93	9.3	-0.0246611989568919	-0.686848192708567
94	9.4	-0.0259495005011559	-0.688136494252831
95	9.5	-0.0246611989568919	-0.686848192708567
96	9.6	-0.0259495005011559	-0.686848192708567
97	9.7	-0.0246611989568919	-0.686848192708567
98	9.8	-0.0246611989568919	-0.686848192708567
99	9.9	-0.0246611989568919	-0.686848192708567
100	10	-0.0246611989568919	-0.686848192708567
101	10.1	-0.0233728974126279	-0.686848192708567
102	10.2	-0.0246611989568919	-0.686848192708567
103	10.3	-0.0259495005011559	-0.686848192708567
104	10.4	-0.0259495005011559	-0.688136494252831
105	10.5	-0.0246611989568919	-0.686848192708567
106	10.6	-0.0233728974126279	-0.686848192708567
107	10.7	-0.0246611989568919	-0.686848192708567
108	10.8	-0.0246611989568919	-0.686848192708567
109	10.9	-0.0246611989568919	-0.686848192708567
110	11	-0.0246611989568919	-0.686848192708567
111	11.1	-0.0259495005011559	-0.686848192708567
112	11.2	-0.0246611989568919	-0.688136494252831
113	11.3	-0.0246611989568919	-0.686848192708567
114	11.4	-0.0246611989568919	-0.685559891164303
115	11.5	-0.0246611989568919	-0.686848192708567
116	11.6	-0.0246611989568919	-0.686848192708567
117	11.7	-0.0246611989568919	-0.685559891164303
118	11.8	-0.0246611989568919	-0.685559891164303
119	11.9	-0.0246611989568919	-0.682983288075775
120	12	-0.0246611989568919	-0.682983288075775
121	12.1	-0.0246611989568919	-0.681694986531511
122	12.2	-0.0259495005011559	-0.681694986531511
123	12.3	-0.0246611989568919	-0.680406684987247
124	12.4	-0.0259495005011559	-0.680406684987247
125	12.5	-0.0259495005011559	-0.681694986531511
126	12.6	-0.0246611989568919	-0.681694986531511
127	12.7	-0.0259495005011559	-0.680406684987247
128	12.8	-0.0259495005011559	-0.679118383442983
129	12.9	-0.0246611989568919	-0.679118383442983
130	13	-0.0246611989568919	-0.679118383442983
131	13.1	-0.0246611989568919	-0.679118383442983
132	13.2	-0.0259495005011559	-0.679118383442983
133	13.3	-0.0259495005011559	-0.677830081898719
134	13.4	-0.0259495005011559	-0.677830081898719
135	13.5	-0.0259495005011559	-0.676541780354455
136	13.6	-0.0259495005011559	-0.676541780354455
137	13.7	-0.0259495005011559	-0.675253478810191
138	13.8	-0.0259495005011559	-0.675253478810191
139	13.9	-0.0259495005011559	-0.673965177265927
140	14	-0.0259495005011559	-0.672676875721663
141	14.1	-0.0259495005011559	-0.671388574177399
142	14.2	-0.0259495005011559	-0.671388574177399
143	14.3	-0.0259495005011559	-0.671388574177399
144	14.4	-0.0259495005011559	-0.670100272633135
145	14.5	-0.0246611989568919	-0.671388574177399
146	14.6	-0.0259495005011559	-0.670100272633135
147	14.7	-0.0259495005011559	-0.670100272633135
148	14.8	-0.0272378020454198	-0.668811971088871
149	14.9	-0.0246611989568919	-0.668811971088871
150	15	-0.0259495005011559	-0.668811971088871
151	15.1	-0.0246611989568919	-0.666235368000343
152	15.2	-0.0259495005011559	-0.664947066456079
153	15.3	-0.0259495005011559	-0.664947066456079
154	15.4	-0.0246611989568919	-0.663658764911816
155	15.5	-0.0259495005011559	-0.661082161823288
156	15.6	-0.0272378020454198	-0.659793860279024
157	15.7	-0.0259495005011559	-0.657217257190496
158	15.8	-0.0272378020454198	-0.655928955646232
159	15.9	-0.0272378020454198	-0.654640654101968
160	16	-0.0259495005011559	-0.653352352557704
161	16.1	-0.0272378020454198	-0.650775749469176
162	16.2	-0.0272378020454198	-0.649487447924912
163	16.3	-0.0285261035896838	-0.648199146380648
164	16.4	-0.0259495005011559	-0.648199146380648
165	16.5	-0.0272378020454198	-0.646910844836384
166	16.6	-0.0285261035896838	-0.64562254329212
167	16.7	-0.0259495005011559	-0.644334241747856
168	16.8	-0.0259495005011559	-0.641757638659328
169	16.9	-0.0272378020454198	-0.640469337115064
170	17	-0.0272378020454198	-0.6391810355708
171	17.1	-0.0259495005011559	-0.637892734026536
172	17.2	-0.0259495005011559	-0.636604432482272
173	17.3	-0.0272378020454198	-0.635316130938008
174	17.4	-0.0272378020454198	-0.634027829393744
175	17.5	-0.0272378020454198	-0.632739527849481
176	17.6	-0.0259495005011559	-0.632739527849481
177	17.7	-0.0259495005011559	-0.631451226305217
178	17.8	-0.0272378020454198	-0.630162924760953
179	17.9	-0.0272378020454198	-0.628874623216689
180	18	-0.0272378020454198	-0.627586321672425
181	18.1	-0.0259495005011559	-0.627586321672425
182	18.2	-0.0259495005011559	-0.626298020128161
183	18.3	-0.0272378020454198	-0.625009718583897
184	18.4	-0.0272378020454198	-0.623721417039633
185	18.5	-0.0259495005011559	-0.622433115495369
186	18.6	-0.0246611989568919	-0.622433115495369
187	18.7	-0.0272378020454198	-0.619856512406841
188	18.8	-0.0259495005011559	-0.618568210862577
189	18.9	-0.0259495005011559	-0.617279909318313
190	19	-0.0259495005011559	-0.615991607774049
191	19.1	-0.0259495005011559	-0.614703306229785
192	19.2	-0.0246611989568919	-0.613415004685521
193	19.3	-0.0246611989568919	-0.612126703141257
194	19.4	-0.0246611989568919	-0.610838401596993
195	19.5	-0.0259495005011559	-0.609550100052729
196	19.6	-0.0259495005011559	-0.608261798508465
197	19.7	-0.0259495005011559	-0.606973496964201
198	19.8	-0.0246611989568919	-0.606973496964201
199	19.9	-0.0246611989568919	-0.605685195419937
200	20	-0.0246611989568919	-0.605685195419937
201	20.1	-0.0259495005011559	-0.604396893875673
202	20.2	-0.0246611989568919	-0.603108592331409
203	20.3	-0.0246611989568919	-0.601820290787145
204	20.4	-0.0246611989568919	-0.600531989242882
205	20.5	-0.0246611989568919	-0.599243687698618
206	20.6	-0.0246611989568919	-0.597955386154354
207	20.7	-0.0233728974126279	-0.59666708461009
208	20.8	-0.0233728974126279	-0.59666708461009
209	20.9	-0.0233728974126279	-0.594090481521562
210	21	-0.0233728974126279	-0.594090481521562
211	21.1	-0.0233728974126279	-0.591513878433034
212	21.2	-0.0233728974126279	-0.591513878433034
213	21.3	-0.022084595868364	-0.59022557688877
214	21.4	-0.0233728974126279	-0.587648973800242
215	21.5	-0.0233728974126279	-0.587648973800242
216	21.6	-0.022084595868364	-0.586360672255978
217	21.7	-0.022084595868364	-0.58378406916745
218	21.8	-0.0233728974126279	-0.582495767623186
219	21.9	-0.022084595868364	-0.582495767623186
220	22	-0.0233728974126279	-0.581207466078922
221	22.1	-0.022084595868364	-0.578630862990394
222	22.2	-0.022084595868364	-0.57734256144613
223	22.3	-0.0233728974126279	-0.576054259901866
224	22.4	-0.022084595868364	-0.574765958357602
225	22.5	-0.022084595868364	-0.573477656813338
226	22.6	-0.022084595868364	-0.572189355269074
227	22.7	-0.022084595868364	-0.57090105372481
228	22.8	-0.0233728974126279	-0.57090105372481
229	22.9	-0.0233728974126279	-0.569612752180547
230	23	-0.0233728974126279	-0.568324450636283
231	23.1	-0.0233728974126279	-0.567036149092019
232	23.2	-0.022084595868364	-0.565747847547755
233	23.3	-0.022084595868364	-0.564459546003491
234	23.4	-0.0233728974126279	-0.564459546003491
235	23.5	-0.0246611989568919	-0.561882942914963
236	23.6	-0.0233728974126279	-0.560594641370699
237	23.7	-0.022084595868364	-0.559306339826435
238	23.8	-0.0233728974126279	-0.558018038282171
239	23.9	-0.0233728974126279	-0.556729736737907
240	24	-0.0259495005011559	-0.555441435193643
241	24.1	-0.0246611989568919	-0.555441435193643
242	24.2	-0.0233728974126279	-0.552864832105115
243	24.3	-0.0233728974126279	-0.551576530560851
244	24.4	-0.0246611989568919	-0.550288229016587
245	24.5	-0.0259495005011559	-0.550288229016587
246	24.6	-0.0233728974126279	-0.548999927472323
247	24.7	-0.0233728974126279	-0.547711625928059
248	24.8	-0.0246611989568919	-0.546423324383795
249	24.9	-0.0246611989568919	-0.545135022839531
250	25	-0.0233728974126279	-0.545135022839531
251	25.1	-0.0246611989568919	-0.543846721295267
252	25.2	-0.0246611989568919	-0.542558419751003
253	25.3	-0.0246611989568919	-0.539981816662475
254	25.4	-0.0246611989568919	-0.539981816662475
255	25.5	-0.0259495005011559	-0.539981816662475
256	25.6	-0.0233728974126279	-0.537405213573948
257	25.7	-0.0233728974126279	-0.536116912029684
258	25.8	-0.0246611989568919	-0.53482861048542
259	25.9	-0.0246611989568919	-0.533540308941156
260	26	-0.0259495005011559	-0.532252007396892
261	26.1	-0.022084595868364	-0.529675404308364
262	26.2	-0.0233728974126279	-0.529675404308364
263	26.3	-0.0246611989568919	-0.5283871027641
264	26.4	-0.0246611989568919	-0.527098801219836
265	26.5	-0.0259495005011559	-0.525810499675572
266	26.6	-0.0246611989568919	-0.525810499675572
267	26.7	-0.0233728974126279	-0.524522198131308
268	26.8	-0.0246611989568919	-0.52194559504278
269	26.9	-0.0246611989568919	-0.520657293498516
270	27	-0.0246611989568919	-0.519368991954252
271	27.1	-0.0233728974126279	-0.516792388865724
272	27.2	-0.0233728974126279	-0.51550408732146
273	27.3	-0.0233728974126279	-0.514215785777196
274	27.4	-0.0233728974126279	-0.512927484232932
275	27.5	-0.0233728974126279	-0.511639182688668
276	27.6	-0.022084595868364	-0.510350881144404
277	27.7	-0.0233728974126279	-0.507774278055876
278	27.8	-0.022084595868364	-0.507774278055876
279	27.9	-0.0233728974126279	-0.506485976511613
280	28	-0.0233728974126279	-0.505197674967349
281	28.1	-0.022084595868364	-0.505197674967349
282	28.2	-0.0233728974126279	-0.502621071878821
283	28.3	-0.022084595868364	-0.501332770334557
284	28.4	-0.022084595868364	-0.501332770334557
285	28.5	-0.022084595868364	-0.498756167246029
286	28.6	-0.022084595868364	-0.497467865701765
287	28.7	-0.0233728974126279	-0.494891262613237
288	28.8	-0.0233728974126279	-0.494891262613237
289	28.9	-0.022084595868364	-0.492314659524709
290	29	-0.022084595868364	-0.491026357980445
291	29.1	-0.0233728974126279	-0.489738056436181
292	29.2	-0.0207962943241	-0.489738056436181
293	29.3	-0.0207962943241	-0.488449754891917
294	29.4	-0.022084595868364	-0.487161453347653
295	29.5	-0.0233728974126279	-0.485873151803389
296	29.6	-0.022084595868364	-0.483296548714861
297	29.7	-0.0207962943241	-0.483296548714861
298	29.8	-0.0207962943241	-0.480719945626333
299	29.9	-0.022084595868364	-0.479431644082069
300	30	-0.022084595868364	-0.479431644082069
301	30.1	-0.0207962943241	-0.478143342537805
302	30.2	-0.022084595868364	-0.476855040993541
303	30.3	-0.0207962943241	-0.476855040993541
304	30.4	-0.022084595868364	-0.475566739449278
305	30.5	-0.0207962943241	-0.474278437905014
306	30.6	-0.022084595868364	-0.47299013636075
307	30.7	-0.0207962943241	-0.471701834816486
308	30.8	-0.022084595868364	-0.470413533272222
309	30.9	-0.0207962943241	-0.470413533272222
310	31	-0.022084595868364	-0.469125231727958
311	31.1	-0.0233728974126279	-0.469125231727958
312	31.2	-0.0207962943241	-0.46654862863943
313	31.3	-0.022084595868364	-0.465260327095166
314	31.4	-0.0233728974126279	-0.463972025550902
315	31.5	-0.0207962943241	-0.462683724006638
316	31.6	-0.022084595868364	-0.462683724006638
317	31.7	-0.022084595868364	-0.461395422462374
318	31.8	-0.022084595868364	-0.46010712091811
319	31.9	-0.0233728974126279	-0.458818819373846
320	32	-0.0233728974126279	-0.458818819373846
321	32.1	-0.0233728974126279	-0.458818819373846
322	32.2	-0.0233728974126279	-0.457530517829582
323	32.3	-0.0233728974126279	-0.456242216285318
324	32.4	-0.0233728974126279	-0.454953914741054
325	32.5	-0.0233728974126279	-0.45366561319679
326	32.6	-0.0233728974126279	-0.452377311652526
327	32.7	-0.0233728974126279	-0.451089010108262
328	32.8	-0.0233728974126279	-0.449800708563998
329	32.9	-0.0233728974126279	-0.448512407019734
330	33	-0.0246611989568919	-0.44722410547547
331	33.1	-0.0246611989568919	-0.44722410547547
332	33.2	-0.0233728974126279	-0.445935803931206
333	33.3	-0.0246611989568919	-0.444647502386943
334	33.4	-0.0246611989568919	-0.444647502386943
335	33.5	-0.0233728974126279	-0.443359200842679
336	33.6	-0.0233728974126279	-0.442070899298415
337	33.7	-0.0246611989568919	-0.440782597754151
338	33.8	-0.0233728974126279	-0.439494296209887
339	33.9	-0.0259495005011559	-0.438205994665623
340	34	-0.0259495005011559	-0.438205994665623
341	34.1	-0.0233728974126279	-0.435629391577095
342	34.2	-0.0233728974126279	-0.433052788488567
343	34.3	-0.0259495005011559	-0.431764486944303
344	34.4	-0.0246611989568919	-0.430476185400039
345	34.5	-0.0246611989568919	-0.429187883855775
346	34.6	-0.0246611989568919	-0.429187883855775
347	34.7	-0.0246611989568919	-0.427899582311511
348	34.8	-0.0246611989568919	-0.426611280767247
349	34.9	-0.0259495005011559	-0.425322979222983
350	35	-0.0259495005011559	-0.422746376134455
351	35.1	-0.0246611989568919	-0.422746376134455
352	35.2	-0.0246611989568919	-0.420169773045927
353	35.3	-0.0246611989568919	-0.418881471501663
354	35.4	-0.0233728974126279	-0.417593169957399
355	35.5	-0.0246611989568919	-0.416304868413135
356	35.6	-0.0246611989568919	-0.415016566868871
357	35.7	-0.0246611989568919	-0.413728265324607
358	35.8	-0.022084595868364	-0.412439963780344
359	35.9	-0.0233728974126279	-0.409863360691816
360	36	-0.0246611989568919	-0.409863360691816
361	36.1	-0.0233728974126279	-0.408575059147552
362	36.2	-0.0233728974126279	-0.408575059147552
363	36.3	-0.0233728974126279	-0.407286757603288
364	36.4	-0.0233728974126279	-0.407286757603288
365	36.5	-0.022084595868364	-0.405998456059024
366	36.6	-0.0233728974126279	-0.40471015451476
367	36.7	-0.0246611989568919	-0.403421852970496
368	36.8	-0.0233728974126279	-0.403421852970496
369	36.9	-0.022084595868364	-0.400845249881968
370	37	-0.022084595868364	-0.399556948337704
371	37.1	-0.022084595868364	-0.39826864679344
372	37.2	-0.022084595868364	-0.396980345249176
373	37.3	-0.0233728974126279	-0.395692043704912
374	37.4	-0.0233728974126279	-0.394403742160648
375	37.5	-0.0233728974126279	-0.393115440616384
376	37.6	-0.022084595868364	-0.39182713907212
377	37.7	-0.022084595868364	-0.390538837527856
378	37.8	-0.022084595868364	-0.389250535983592
379	37.9	-0.0207962943241	-0.389250535983592
380	38	-0.022084595868364	-0.387962234439328
381	38.1	-0.0207962943241	-0.386673932895064
382	38.2	-0.0207962943241	-0.3853856313508
383	38.3	-0.0207962943241	-0.384097329806536
384	38.4	-0.022084595868364	-0.384097329806536
385	38.5	-0.022084595868364	-0.384097329806536
386	38.6	-0.022084595868364	-0.382809028262272
387	38.7	-0.022084595868364	-0.384097329806536
388	38.8	-0.0207962943241	-0.382809028262272
389	38.9	-0.0207962943241	-0.381520726718009
390	39	-0.022084595868364	-0.381520726718009
391	39.1	-0.0207962943241	-0.380232425173745
392	39.2	-0.022084595868364	-0.380232425173745
393	39.3	-0.022084595868364	-0.377655822085217
394	39.4	-0.0233728974126279	-0.377655822085217
395	39.5	-0.0207962943241	-0.376367520540953
396	39.6	-0.022084595868364	-0.375079218996689
397	39.7	-0.022084595868364	-0.375079218996689
398	39.8	-0.0207962943241	-0.373790917452425
399	39.9	-0.022084595868364	-0.372502615908161
400	40	-0.022084595868364	-0.372502615908161
401	40.1	-0.022084595868364	-0.371214314363897
402	40.2	-0.022084595868364	-0.369926012819633
403	40.3	-0.022084595868364	-0.369926012819633
404	40.4	-0.0207962943241	-0.368637711275369
405	40.5	-0.022084595868364	-0.367349409731105
406	40.6	-0.022084595868364	-0.367349409731105
407	40.7	-0.0207962943241	-0.366061108186841
408	40.8	-0.0233728974126279	-0.363484505098313
409	40.9	-0.022084595868364	-0.363484505098313
410	41	-0.022084595868364	-0.362196203554049
411	41.1	-0.0233728974126279	-0.360907902009785
412	41.2	-0.0207962943241	-0.359619600465521
413	41.3	-0.022084595868364	-0.359619600465521
414	41.4	-0.022084595868364	-0.358331298921257
415	41.5	-0.0233728974126279	-0.358331298921257
416	41.6	-0.0233728974126279	-0.357042997376993
417	41.7	-0.0233728974126279	-0.355754695832729
418	41.8	-0.0246611989568919	-0.354466394288465
419	41.9	-0.0233728974126279	-0.354466394288465
420	42	-0.0233728974126279	-0.353178092744201
421	42.1	-0.0246611989568919	-0.351889791199937
422	42.2	-0.0246611989568919	-0.350601489655674
423	42.3	-0.0259495005011559	-0.350601489655674
424	42.4	-0.0259495005011559	-0.34931318811141
425	42.5	-0.0246611989568919	-0.348024886567146
426	42.6	-0.0246611989568919	-0.346736585022882
427	42.7	-0.0259495005011559	-0.346736585022882
428	42.8	-0.0233728974126279	-0.345448283478618
429	42.9	-0.0246611989568919	-0.344159981934354
430	43	-0.0246611989568919	-0.344159981934354
431	43.1	-0.0246611989568919	-0.341583378845826
432	43.2	-0.0259495005011559	-0.341583378845826
433	43.3	-0.0259495005011559	-0.340295077301562
434	43.4	-0.0259495005011559	-0.339006775757298
435	43.5	-0.0259495005011559	-0.337718474213034
436	43.6	-0.0246611989568919	-0.337718474213034
437	43.7	-0.0259495005011559	-0.33643017266877
438	43.8	-0.0259495005011559	-0.33643017266877
439	43.9	-0.0259495005011559	-0.335141871124506
440	44	-0.0259495005011559	-0.333853569580242
441	44.1	-0.0285261035896838	-0.332565268035978
442	44.2	-0.0285261035896838	-0.331276966491714
443	44.3	-0.0259495005011559	-0.331276966491714
444	44.4	-0.0259495005011559	-0.32998866494745
445	44.5	-0.0259495005011559	-0.328700363403186
446	44.6	-0.0246611989568919	-0.327412061858922
447	44.7	-0.0259495005011559	-0.326123760314658
448	44.8	-0.0272378020454198	-0.324835458770394
449	44.9	-0.0272378020454198	-0.324835458770394
450	45	-0.0259495005011559	-0.32354715722613
451	45.1	-0.0272378020454198	-0.322258855681866
452	45.2	-0.0272378020454198	-0.322258855681866
453	45.3	-0.0259495005011559	-0.320970554137602
454	45.4	-0.0259495005011559	-0.319682252593338
455	45.5	-0.0272378020454198	-0.318393951049075
456	45.6	-0.0259495005011559	-0.317105649504811
457	45.7	-0.0272378020454198	-0.317105649504811
458	45.8	-0.0272378020454198	-0.317105649504811
459	45.9	-0.0259495005011559	-0.314529046416283
460	46	-0.0272378020454198	-0.313240744872019
461	46.1	-0.0259495005011559	-0.313240744872019
462	46.2	-0.0259495005011559	-0.311952443327755
463	46.3	-0.0272378020454198	-0.310664141783491
464	46.4	-0.0272378020454198	-0.309375840239227
465	46.5	-0.0259495005011559	-0.309375840239227
466	46.6	-0.0272378020454198	-0.306799237150699
467	46.7	-0.0272378020454198	-0.306799237150699
468	46.8	-0.0259495005011559	-0.305510935606435
469	46.9	-0.0259495005011559	-0.304222634062171
470	47	-0.0259495005011559	-0.302934332517907
471	47.1	-0.0246611989568919	-0.300357729429379
472	47.2	-0.0259495005011559	-0.299069427885115
473	47.3	-0.0259495005011559	-0.299069427885115
474	47.4	-0.0259495005011559	-0.297781126340851
475	47.5	-0.0259495005011559	-0.296492824796587
476	47.6	-0.0246611989568919	-0.295204523252323
477	47.7	-0.0246611989568919	-0.293916221708059
478	47.8	-0.0259495005011559	-0.293916221708059
479	47.9	-0.0259495005011559	-0.292627920163795
480	48	-0.0246611989568919	-0.292627920163795
481	48.1	-0.0246611989568919	-0.291339618619531
482	48.2	-0.0246611989568919	-0.291339618619531
483	48.3	-0.0246611989568919	-0.291339618619531
484	48.4	-0.0259495005011559	-0.290051317075267
485	48.5	-0.0246611989568919	-0.290051317075267
486	48.6	-0.0246611989568919	-0.288763015531003
487	48.7	-0.0259495005011559	-0.28747471398674
488	48.8	-0.0259495005011559	-0.28747471398674
489	48.9	-0.0233728974126279	-0.286186412442476
490	49	-0.0246611989568919	-0.284898110898212
491	49.1	-0.0259495005011559	-0.283609809353948
492	49.2	-0.0233728974126279	-0.28103320626542
493	49.3	-0.0246611989568919	-0.279744904721156
494	49.4	-0.0259495005011559	-0.279744904721156
495	49.5	-0.0246611989568919	-0.278456603176892
496	49.6	-0.0246611989568919	-0.277168301632628
497	49.7	-0.0246611989568919	-0.275880000088364
498	49.8	-0.0259495005011559	-0.275880000088364
499	49.9	-0.0259495005011559	-0.2745916985441
500	50	-0.0246611989568919	-0.2745916985441
501	50.1	-0.0259495005011559	-0.273303396999836
502	50.2	-0.0259495005011559	-0.272015095455572
503	50.3	-0.0246611989568919	-0.270726793911308
504	50.4	-0.0259495005011559	-0.272015095455572
505	50.5	-0.0246611989568919	-0.269438492367044
506	50.6	-0.0259495005011559	-0.269438492367044
507	50.7	-0.0259495005011559	-0.26815019082278
508	50.8	-0.0259495005011559	-0.26815019082278
509	50.9	-0.0259495005011559	-0.266861889278516
510	51	-0.0259495005011559	-0.264285286189988
511	51.1	-0.0259495005011559	-0.264285286189988
512	51.2	-0.0259495005011559	-0.262996984645724
513	51.3	-0.0259495005011559	-0.260420381557196
514	51.4	-0.0272378020454198	-0.260420381557196
515	51.5	-0.0272378020454198	-0.259132080012932
516	51.6	-0.0285261035896838	-0.257843778468668
517	51.7	-0.0285261035896838	-0.256555476924405
518	51.8	-0.0285261035896838	-0.255267175380141
519	51.9	-0.0285261035896838	-0.253978873835877
520	52	-0.0285261035896838	-0.252690572291613
521	52.1	-0.0298144051339477	-0.252690572291613
522	52.2	-0.0285261035896838	-0.252690572291613
523	52.3	-0.0285261035896838	-0.251402270747349
524	52.4	-0.0298144051339477	-0.250113969203085
525	52.5	-0.0285261035896838	-0.248825667658821
526	52.6	-0.0298144051339477	-0.247537366114557
527	52.7	-0.0298144051339477	-0.246249064570293
528	52.8	-0.0298144051339477	-0.243672461481765
529	52.9	-0.0311027066782117	-0.242384159937501
530	53	-0.0311027066782117	-0.241095858393237
531	53.1	-0.0298144051339477	-0.239807556848973
532	53.2	-0.0298144051339477	-0.238519255304709
533	53.3	-0.0311027066782117	-0.237230953760445
534	53.4	-0.0298144051339477	-0.237230953760445
535	53.5	-0.0323910082224756	-0.234654350671917
536	53.6	-0.0336793097667396	-0.234654350671917
537	53.7	-0.0323910082224756	-0.233366049127653
538	53.8	-0.0323910082224756	-0.232077747583389
539	53.9	-0.0323910082224756	-0.230789446039125
540	54	-0.0323910082224756	-0.229501144494861
541	54.1	-0.0311027066782117	-0.228212842950597
542	54.2	-0.0323910082224756	-0.226924541406333
543	54.3	-0.0323910082224756	-0.225636239862069
544	54.4	-0.0323910082224756	-0.224347938317806
545	54.5	-0.0323910082224756	-0.223059636773542
546	54.6	-0.0336793097667396	-0.223059636773542
547	54.7	-0.0336793097667396	-0.221771335229278
548	54.8	-0.0323910082224756	-0.220483033685014
549	54.9	-0.0336793097667396	-0.21919473214075
550	55	-0.0323910082224756	-0.21919473214075
551	55.1	-0.0298144051339477	-0.216618129052222
552	55.2	-0.0311027066782117	-0.216618129052222
553	55.3	-0.0311027066782117	-0.214041525963694
554	55.4	-0.0298144051339477	-0.214041525963694
555	55.5	-0.0311027066782117	-0.214041525963694
556	55.6	-0.0311027066782117	-0.21275322441943
557	55.7	-0.0311027066782117	-0.211464922875166
558	55.8	-0.0311027066782117	-0.211464922875166
559	55.9	-0.0298144051339477	-0.210176621330902
560	56	-0.0298144051339477	-0.208888319786638
561	56.1	-0.0298144051339477	-0.207600018242374
562	56.2	-0.0298144051339477	-0.20631171669811
563	56.3	-0.0298144051339477	-0.20631171669811
564	56.4	-0.0298144051339477	-0.203735113609582
565	56.5	-0.0298144051339477	-0.202446812065318
566	56.6	-0.0285261035896838	-0.201158510521054
567	56.7	-0.0272378020454198	-0.201158510521054
568	56.8	-0.0272378020454198	-0.19987020897679
569	56.9	-0.0285261035896838	-0.198581907432526
570	57	-0.0272378020454198	-0.197293605888262
571	57.1	-0.0285261035896838	-0.196005304343998
572	57.2	-0.0285261035896838	-0.194717002799734
573	57.3	-0.0272378020454198	-0.194717002799734
574	57.4	-0.0272378020454198	-0.194717002799734
575	57.5	-0.0259495005011559	-0.193428701255471
576	57.6	-0.0272378020454198	-0.192140399711207
577	57.7	-0.0272378020454198	-0.190852098166943
578	57.8	-0.0259495005011559	-0.189563796622679
579	57.9	-0.0246611989568919	-0.188275495078415
580	58	-0.0259495005011559	-0.186987193534151
581	58.1	-0.0246611989568919	-0.185698891989887
582	58.2	-0.0259495005011559	-0.184410590445623
583	58.3	-0.0259495005011559	-0.183122288901359
584	58.4	-0.0259495005011559	-0.181833987357095
585	58.5	-0.0272378020454198	-0.181833987357095
586	58.6	-0.0259495005011559	-0.179257384268567
587	58.7	-0.0272378020454198	-0.179257384268567
588	58.8	-0.0259495005011559	-0.177969082724303
589	58.9	-0.0259495005011559	-0.177969082724303
590	59	-0.0246611989568919	-0.176680781180039
591	59.1	-0.0259495005011559	-0.175392479635775
592	59.2	-0.0259495005011559	-0.174104178091511
593	59.3	-0.0259495005011559	-0.174104178091511
594	59.4	-0.0272378020454198	-0.172815876547247
595	59.5	-0.0272378020454198	-0.170239273458719
596	59.6	-0.0272378020454198	-0.168950971914455
597	59.7	-0.0285261035896838	-0.167662670370191
598	59.8	-0.0285261035896838	-0.166374368825927
599	59.9	-0.0298144051339477	-0.165086067281663
600	60	-0.0285261035896838	-0.162509464193135
601	60.1	-0.0311027066782117	-0.161221162648872
602	60.2	-0.0298144051339477	-0.161221162648872
603	60.3	-0.0311027066782117	-0.159932861104608
604	60.4	-0.0311027066782117	-0.158644559560344
605	60.5	-0.0298144051339477	-0.158644559560344
606	60.6	-0.0311027066782117	-0.15735625801608
607	60.7	-0.0311027066782117	-0.156067956471816
608	60.8	-0.0311027066782117	-0.153491353383288
609	60.9	-0.0336793097667396	-0.153491353383288
610	61	-0.0349676113110036	-0.15091475029476
611	61.1	-0.0362559128552675	-0.149626448750496
612	61.2	-0.0362559128552675	-0.148338147206232
613	61.3	-0.0362559128552675	-0.147049845661968
614	61.4	-0.0349676113110036	-0.145761544117704
615	61.5	-0.0349676113110036	-0.14447324257344
616	61.6	-0.0336793097667396	-0.143184941029176
617	61.7	-0.0336793097667396	-0.141896639484912
618	61.8	-0.0349676113110036	-0.140608337940648
619	61.9	-0.0362559128552675	-0.139320036396384
620	62	-0.0349676113110036	-0.139320036396384
621	62.1	-0.0362559128552675	-0.136743433307856
622	62.2	-0.0388325159437954	-0.135455131763592
623	62.3	-0.0388325159437954	-0.134166830219328
624	62.4	-0.0401208174880594	-0.132878528675064
625	62.5	-0.0414091190323234	-0.1315902271308
626	62.6	-0.0401208174880594	-0.130301925586537
627	62.7	-0.0401208174880594	-0.129013624042273
628	62.8	-0.0401208174880594	-0.127725322498009
629	62.9	-0.0388325159437954	-0.127725322498009
630	63	-0.0362559128552675	-0.126437020953745
631	63.1	-0.0375442143995315	-0.125148719409481
632	63.2	-0.0375442143995315	-0.123860417865217
633	63.3	-0.0375442143995315	-0.122572116320953
634	63.4	-0.0362559128552675	-0.121283814776689
635	63.5	-0.0362559128552675	-0.121283814776689
636	63.6	-0.0362559128552675	-0.119995513232425
637	63.7	-0.0349676113110036	-0.118707211688161
638	63.8	-0.0349676113110036	-0.117418910143897
639	63.9	-0.0375442143995315	-0.116130608599633
640	64	-0.0362559128552675	-0.114842307055369
641	64.1	-0.0349676113110036	-0.114842307055369
642	64.2	-0.0362559128552675	-0.113554005511105
643	64.3	-0.0362559128552675	-0.112265703966841
644	64.4	-0.0349676113110036	-0.110977402422577
645	64.5	-0.0336793097667396	-0.109689100878313
646	64.6	-0.0336793097667396	-0.108400799334049
647	64.7	-0.0311027066782117	-0.107112497789785
648	64.8	-0.0311027066782117	-0.105824196245521
649	64.9	-0.0298144051339477	-0.105824196245521
650	65	-0.0298144051339477	-0.104535894701257
651	65.1	-0.0285261035896838	-0.104535894701257
652	65.2	-0.0285261035896838	-0.103247593156993
653	65.3	-0.0272378020454198	-0.100670990068465
654	65.4	-0.0272378020454198	-0.0993826885242015
655	65.5	-0.0272378020454198	-0.0993826885242015
656	65.6	-0.0259495005011559	-0.0980943869799376
657	65.7	-0.0259495005011559	-0.0968060854356736
658	65.8	-0.0259495005011559	-0.0955177838914096
659	65.9	-0.0259495005011559	-0.0942294823471457
660	66	-0.0246611989568919	-0.0929411808028817
661	66.1	-0.0246611989568919	-0.0916528792586178
662	66.2	-0.0233728974126279	-0.0903645777143538
663	66.3	-0.0246611989568919	-0.0890762761700898
664	66.4	-0.0246611989568919	-0.0877879746258259
665	66.5	-0.0259495005011559	-0.0877879746258259
666	66.6	-0.0259495005011559	-0.0864996730815619
667	66.7	-0.0259495005011559	-0.085211371537298
668	66.8	-0.0259495005011559	-0.083923069993034
669	66.9	-0.0272378020454198	-0.08263476844877
670	67	-0.0272378020454198	-0.0813464669045061
671	67.1	-0.0298144051339477	-0.0800581653602421
672	67.2	-0.0272378020454198	-0.0787698638159782
673	67.3	-0.0285261035896838	-0.0774815622717142
674	67.4	-0.0298144051339477	-0.0761932607274503
675	67.5	-0.0311027066782117	-0.0749049591831863
676	67.6	-0.0323910082224756	-0.0749049591831863
677	67.7	-0.0323910082224756	-0.0736166576389223
678	67.8	-0.0323910082224756	-0.0723283560946584
679	67.9	-0.0349676113110036	-0.0710400545503944
680	68	-0.0375442143995315	-0.0697517530061305
681	68.1	-0.0375442143995315	-0.0684634514618665
682	68.2	-0.0401208174880594	-0.0684634514618665
683	68.3	-0.0426974205765873	-0.0658868483733386
684	68.4	-0.0478506267536432	-0.0645985468290746
685	68.5	-0.0504272298421711	-0.0633102452848107
686	68.6	-0.051715531386435	-0.0620219437405467
687	68.7	-0.0555804360192269	-0.0607336421962827
688	68.8	-0.0594453406520188	-0.0594453406520188
689	68.9	-0.0633102452848107	-0.0581570391077548
690	69	-0.0684634514618665	-0.0581570391077548
691	69.1	-0.0723283560946584	-0.0568687375634909
692	69.2	-0.0749049591831863	-0.0555804360192269
693	69.3	-0.0787698638159782	-0.0542921344749629
694	69.4	-0.08263476844877	-0.053003832930699
695	69.5	-0.08263476844877	-0.053003832930699
696	69.6	-0.0877879746258259	-0.051715531386435
697	69.7	-0.0929411808028817	-0.0504272298421711
698	69.8	-0.0942294823471457	-0.0491389282979071
699	69.9	-0.0980943869799376	-0.0478506267536432
700	70	-0.0993826885242015	-0.0465623252093792
701	70.1	-0.100670990068465	-0.0452740236651152
702	70.2	-0.104535894701257	-0.0439857221208513
703	70.3	-0.105824196245521	-0.0426974205765873
704	70.4	-0.107112497789785	-0.0426974205765873
705	70.5	-0.108400799334049	-0.0414091190323234
706	70.6	-0.107112497789785	-0.0414091190323234
707	70.7	-0.110977402422577	-0.0401208174880594
708	70.8	-0.110977402422577	-0.0401208174880594
709	70.9	-0.112265703966841	-0.0388325159437954
710	71	-0.117418910143897	-0.0375442143995315
711	71.1	-0.117418910143897	-0.0362559128552675
712	71.2	-0.118707211688161	-0.0349676113110036
713	71.3	-0.119995513232425	-0.0349676113110036
714	71.4	-0.125148719409481	-0.0336793097667396
715	71.5	-0.122572116320953	-0.0323910082224756
716	71.6	-0.127725322498009	-0.0311027066782117
717	71.7	-0.129013624042273	-0.0298144051339477
718	71.8	-0.1315902271308	-0.0285261035896838
719	71.9	-0.135455131763592	-0.0272378020454198
720	72	-0.139320036396384	-0.0259495005011559
721	72.1	-0.140608337940648	-0.0259495005011559
722	72.2	-0.140608337940648	-0.0246611989568919
723	72.3	-0.14447324257344	-0.0233728974126279
724	72.4	-0.148338147206232	-0.0233728974126279
725	72.5	-0.152203051839024	-0.022084595868364
726	72.6	-0.152203051839024	-0.0207962943241
727	72.7	-0.156067956471816	-0.0207962943241
728	72.8	-0.158644559560344	-0.0195079927798361
729	72.9	-0.159932861104608	-0.0182196912355721
730	73	-0.161221162648872	-0.0182196912355721
731	73.1	-0.163797765737399	-0.0182196912355721
732	73.2	-0.166374368825927	-0.0182196912355721
733	73.3	-0.167662670370191	-0.0169313896913081
734	73.4	-0.168950971914455	-0.0156430881470442
735	73.5	-0.175392479635775	-0.0143547866027802
736	73.6	-0.179257384268567	-0.0143547866027802
737	73.7	-0.180545685812831	-0.0130664850585163
738	73.8	-0.183122288901359	-0.0117781835142523
739	73.9	-0.186987193534151	-0.0104898819699883
740	74	-0.189563796622679	-0.0104898819699883
741	74.1	-0.194717002799734	-0.00791327888146043
742	74.2	-0.194717002799734	-0.00791327888146043
743	74.3	-0.19987020897679	-0.00662497733719647
744	74.4	-0.19987020897679	-0.00662497733719647
745	74.5	-0.201158510521054	-0.00533667579293251
746	74.6	-0.205023415153846	-0.00533667579293251
747	74.7	-0.205023415153846	-0.00404837424866855
748	74.8	-0.203735113609582	-0.00404837424866855
749	74.9	-0.205023415153846	-0.00276007270440459
750	75	-0.20631171669811	-0.00276007270440459
751	75.1	-0.208888319786638	-0.00147177116014063
752	75.2	-0.211464922875166	-0.000183469615876675
753	75.3	-0.214041525963694	-0.000183469615876675
754	75.4	-0.214041525963694	0.00239313347265124
755	75.5	-0.215329827507958	0.00239313347265124
756	75.6	-0.214041525963694	0.0036814350169152
757	75.7	-0.215329827507958	0.00496973656117916
758	75.8	-0.215329827507958	0.00496973656117916
759	75.9	-0.21275322441943	0.00625803810544312
760	76	-0.214041525963694	0.00754633964970708
761	76.1	-0.210176621330902	0.00754633964970708
762	76.2	-0.210176621330902	0.00883464119397104
763	76.3	-0.20631171669811	0.010122942738235
764	76.4	-0.207600018242374	0.011411244282499
765	76.5	-0.203735113609582	0.011411244282499
766	76.6	-0.202446812065318	0.0126995458267629
767	76.7	-0.201158510521054	0.0139878473710269
768	76.8	-0.198581907432526	0.0152761489152908
769	76.9	-0.194717002799734	0.0152761489152908
770	77	-0.193428701255471	0.0165644504595548
771	77.1	-0.190852098166943	0.0178527520038188
772	77.2	-0.186987193534151	0.0191410535480827
773	77.3	-0.183122288901359	0.0191410535480827
774	77.4	-0.179257384268567	0.0204293550923467
775	77.5	-0.176680781180039	0.0217176566366106
776	77.6	-0.174104178091511	0.0217176566366106
777	77.7	-0.168950971914455	0.0230059581808746
778	77.8	-0.165086067281663	0.0242942597251385
779	77.9	-0.159932861104608	0.0255825612694025
780	78	-0.158644559560344	0.0255825612694025
781	78.1	-0.153491353383288	0.0268708628136665
782	78.2	-0.149626448750496	0.0281591643579304
783	78.3	-0.145761544117704	0.0281591643579304
784	78.4	-0.14447324257344	0.0294474659021944
785	78.5	-0.13803173485212	0.0307357674464583
786	78.6	-0.135455131763592	0.0307357674464583
787	78.7	-0.132878528675064	0.0333123705349863
788	78.8	-0.127725322498009	0.0320240689907223
789	78.9	-0.123860417865217	0.0333123705349863
790	79	-0.121283814776689	0.0346006720792502
791	79.1	-0.118707211688161	0.0358889736235142
792	79.2	-0.114842307055369	0.0358889736235142
793	79.3	-0.110977402422577	0.0371772751677781
794	79.4	-0.108400799334049	0.0384655767120421
795	79.5	-0.101959291612729	0.0397538782563061
796	79.6	-0.0955177838914096	0.0397538782563061
797	79.7	-0.0916528792586178	0.042330481344834
798	79.8	-0.0890762761700898	0.042330481344834
799	79.9	-0.0877879746258259	0.042330481344834
800	80	-0.085211371537298	0.0436187828890979
801	80.1	-0.083923069993034	0.0449070844333619
802	80.2	-0.08263476844877	0.0449070844333619
803	80.3	-0.0800581653602421	0.0474836875218898
804	80.4	-0.0774815622717142	0.0474836875218898
805	80.5	-0.0736166576389223	0.0487719890661538
806	80.6	-0.0710400545503944	0.0500602906104177
807	80.7	-0.0697517530061305	0.0513485921546817
808	80.8	-0.0658868483733386	0.0513485921546817
809	80.9	-0.0645985468290746	0.0539251952432096
810	81	-0.0607336421962827	0.0552134967874736
811	81.1	-0.0607336421962827	0.0552134967874736
812	81.2	-0.0581570391077548	0.0565017983317375
813	81.3	-0.0555804360192269	0.0577900998760015
814	81.4	-0.0542921344749629	0.0603667029645294
815	81.5	-0.051715531386435	0.0603667029645294
816	81.6	-0.051715531386435	0.0616550045087934
817	81.7	-0.0491389282979071	0.0629433060530573
818	81.8	-0.0491389282979071	0.0629433060530573
819	81.9	-0.0478506267536432	0.0642316075973213
820	82	-0.0465623252093792	0.0642316075973213
821	82.1	-0.0478506267536432	0.0655199091415852
822	82.2	-0.0452740236651152	0.0655199091415852
823	82.3	-0.0426974205765873	0.0668082106858492
824	82.4	-0.0401208174880594	0.0680965122301131
825	82.5	-0.0388325159437954	0.0693848137743771
826	82.6	-0.0362559128552675	0.0706731153186411
827	82.7	-0.0349676113110036	0.0706731153186411
828	82.8	-0.0336793097667396	0.071961416862905
829	82.9	-0.0311027066782117	0.073249718407169
830	83	-0.0298144051339477	0.0745380199514329
831	83.1	-0.0298144051339477	0.0758263214956969
832	83.2	-0.0311027066782117	0.0758263214956969
833	83.3	-0.0285261035896838	0.0771146230399609
834	83.4	-0.0285261035896838	0.0771146230399609
835	83.5	-0.0285261035896838	0.0771146230399609
836	83.6	-0.0272378020454198	0.0771146230399609
837	83.7	-0.0259495005011559	0.0796912261284888
838	83.8	-0.0246611989568919	0.0796912261284888
839	83.9	-0.0246611989568919	0.0809795276727527
840	84	-0.0246611989568919	0.0822678292170167
841	84.1	-0.0233728974126279	0.0822678292170167
842	84.2	-0.0246611989568919	0.0822678292170167
843	84.3	-0.0233728974126279	0.0822678292170167
844	84.4	-0.0233728974126279	0.0835561307612807
845	84.5	-0.0233728974126279	0.0848444323055446
846	84.6	-0.022084595868364	0.0861327338498086
847	84.7	-0.022084595868364	0.0861327338498086
848	84.8	-0.022084595868364	0.0874210353940725
849	84.9	-0.022084595868364	0.0887093369383365
850	85	-0.022084595868364	0.0887093369383365
851	85.1	-0.0207962943241	0.0899976384826005
852	85.2	-0.022084595868364	0.0912859400268644
853	85.3	-0.022084595868364	0.0925742415711284
854	85.4	-0.0207962943241	0.0938625431153923
855	85.5	-0.022084595868364	0.0951508446596563
856	85.6	-0.0233728974126279	0.0964391462039202
857	85.7	-0.0207962943241	0.0977274477481842
858	85.8	-0.022084595868364	0.0990157492924482
859	85.9	-0.022084595868364	0.100304050836712
860	86	-0.022084595868364	0.100304050836712
861	86.1	-0.022084595868364	0.101592352380976
862	86.2	-0.0246611989568919	0.100304050836712
863	86.3	-0.0233728974126279	0.101592352380976
864	86.4	-0.022084595868364	0.10288065392524
865	86.5	-0.0233728974126279	0.10288065392524
866	86.6	-0.0233728974126279	0.10288065392524
867	86.7	-0.0233728974126279	0.104168955469504
868	86.8	-0.0246611989568919	0.105457257013768
869	86.9	-0.0246611989568919	0.105457257013768
870	87	-0.0246611989568919	0.106745558558032
871	87.1	-0.0246611989568919	0.108033860102296
872	87.2	-0.0246611989568919	0.110610463190824
873	87.3	-0.0246611989568919	0.110610463190824
874	87.4	-0.0246611989568919	0.110610463190824
875	87.5	-0.0259495005011559	0.113187066279352
876	87.6	-0.0259495005011559	0.113187066279352
877	87.7	-0.0259495005011559	0.114475367823616
878	87.8	-0.0259495005011559	0.11576366936788
879	87.9	-0.0259495005011559	0.11576366936788
880	88	-0.0246611989568919	0.117051970912144
881	88.1	-0.0259495005011559	0.118340272456408
882	88.2	-0.0272378020454198	0.118340272456408
883	88.3	-0.0259495005011559	0.119628574000672
884	88.4	-0.0259495005011559	0.119628574000672
885	88.5	-0.0272378020454198	0.119628574000672
886	88.6	-0.0272378020454198	0.120916875544935
887	88.7	-0.0272378020454198	0.120916875544935
888	88.8	-0.0285261035896838	0.122205177089199
889	88.9	-0.0285261035896838	0.123493478633463
890	89	-0.0285261035896838	0.124781780177727
891	89.1	-0.0298144051339477	0.126070081721991
892	89.2	-0.0285261035896838	0.126070081721991
893	89.3	-0.0298144051339477	0.128646684810519
894	89.4	-0.0298144051339477	0.128646684810519
895	89.5	-0.0285261035896838	0.129934986354783
896	89.6	-0.0285261035896838	0.131223287899047
897	89.7	-0.0285261035896838	0.132511589443311
898	89.8	-0.0285261035896838	0.133799890987575
899	89.9	-0.0285261035896838	0.133799890987575
900	90	-0.0272378020454198	0.135088192531839
901	90.1	-0.0272378020454198	0.136376494076103
902	90.2	-0.0285261035896838	0.136376494076103
903	90.3	-0.0272378020454198	0.137664795620367
904	90.4	-0.0272378020454198	0.138953097164631
905	90.5	-0.0272378020454198	0.138953097164631
906	90.6	-0.0259495005011559	0.138953097164631
907	90.7	-0.0272378020454198	0.140241398708895
908	90.8	-0.0272378020454198	0.141529700253159
909	90.9	-0.0259495005011559	0.141529700253159
910	91	-0.0272378020454198	0.142818001797423
911	91.1	-0.0272378020454198	0.144106303341687
912	91.2	-0.0285261035896838	0.144106303341687
913	91.3	-0.0259495005011559	0.145394604885951
914	91.4	-0.0272378020454198	0.146682906430215
915	91.5	-0.0272378020454198	0.147971207974479
916	91.6	-0.0272378020454198	0.147971207974479
917	91.7	-0.0259495005011559	0.149259509518743
918	91.8	-0.0246611989568919	0.150547811063007
919	91.9	-0.0259495005011559	0.150547811063007
920	92	-0.0259495005011559	0.15183611260727
921	92.1	-0.0246611989568919	0.153124414151534
922	92.2	-0.0246611989568919	0.154412715695798
923	92.3	-0.0233728974126279	0.155701017240062
924	92.4	-0.0233728974126279	0.156989318784326
925	92.5	-0.0246611989568919	0.156989318784326
926	92.6	-0.0233728974126279	0.15827762032859
927	92.7	-0.0233728974126279	0.159565921872854
928	92.8	-0.0246611989568919	0.160854223417118
929	92.9	-0.0233728974126279	0.160854223417118
930	93	-0.0233728974126279	0.162142524961382
931	93.1	-0.0233728974126279	0.162142524961382
932	93.2	-0.022084595868364	0.163430826505646
933	93.3	-0.022084595868364	0.16471912804991
934	93.4	-0.0233728974126279	0.166007429594174
935	93.5	-0.0233728974126279	0.166007429594174
936	93.6	-0.0233728974126279	0.167295731138438
937	93.7	-0.0233728974126279	0.167295731138438
938	93.8	-0.022084595868364	0.169872334226966
939	93.9	-0.022084595868364	0.169872334226966
940	94	-0.022084595868364	0.17116063577123
941	94.1	-0.022084595868364	0.172448937315494
942	94.2	-0.022084595868364	0.173737238859758
943	94.3	-0.022084595868364	0.175025540404022
944	94.4	-0.022084595868364	0.176313841948286
945	94.5	-0.0233728974126279	0.17760214349255
946	94.6	-0.0207962943241	0.178890445036814
947	94.7	-0.022084595868364	0.178890445036814
948	94.8	-0.022084595868364	0.180178746581078
949	94.9	-0.022084595868364	0.180178746581078
950	95	-0.0207962943241	0.181467048125342
951	95.1	-0.022084595868364	0.181467048125342
952	95.2	-0.0207962943241	0.181467048125342
953	95.3	-0.0207962943241	0.184043651213869
954	95.4	-0.022084595868364	0.185331952758133
955	95.5	-0.022084595868364	0.186620254302397
956	95.6	-0.022084595868364	0.186620254302397
957	95.7	-0.022084595868364	0.187908555846661
958	95.8	-0.0207962943241	0.189196857390925
959	95.9	-0.022084595868364	0.189196857390925
960	96	-0.022084595868364	0.190485158935189
961	96.1	-0.0207962943241	0.191773460479453
962	96.2	-0.022084595868364	0.191773460479453
963	96.3	-0.0207962943241	0.193061762023717
964	96.4	-0.0233728974126279	0.193061762023717
965	96.5	-0.022084595868364	0.194350063567981
966	96.6	-0.0207962943241	0.195638365112245
967	96.7	-0.022084595868364	0.196926666656509
968	96.8	-0.022084595868364	0.196926666656509
969	96.9	-0.022084595868364	0.196926666656509
970	97	-0.022084595868364	0.198214968200773
971	97.1	-0.0233728974126279	0.198214968200773
972	97.2	-0.0233728974126279	0.199503269745037
973	97.3	-0.022084595868364	0.200791571289301
974	97.4	-0.022084595868364	0.202079872833565
975	97.5	-0.022084595868364	0.202079872833565
976	97.6	-0.0233728974126279	0.204656475922093
977	97.7	-0.022084595868364	0.204656475922093
978	97.8	-0.022084595868364	0.205944777466357
979	97.9	-0.022084595868364	0.205944777466357
980	98	-0.0233728974126279	0.207233079010621
981	98.1	-0.022084595868364	0.208521380554885
982	98.2	-0.022084595868364	0.208521380554885
983	98.3	-0.0233728974126279	0.209809682099149
984	98.4	-0.0233728974126279	0.209809682099149
985	98.5	-0.0233728974126279	0.211097983643413
986	98.6	-0.0233728974126279	0.211097983643413
987	98.7	-0.0233728974126279	0.212386285187677
988	98.8	-0.0233728974126279	0.213674586731941
989	98.9	-0.0233728974126279	0.213674586731941
990	99	-0.0233728974126279	0.214962888276204
991	99.1	-0.0233728974126279	0.214962888276204
992	99.2	-0.0233728974126279	0.216251189820468
993	99.3	-0.022084595868364	0.217539491364732
994	99.4	-0.0233728974126279	0.218827792908996
995	99.5	-0.022084595868364	0.22011609445326
996	99.6	-0.0233728974126279	0.222692697541788
997	99.7	-0.0233728974126279	0.222692697541788
998	99.8	-0.0233728974126279	0.225269300630316
999	99.9	-0.0246611989568919	0.225269300630316
1000	100	-0.0233728974126279	0.22655760217458
1001	100.1	-0.0233728974126279	0.229134205263108
1002	100.2	-0.022084595868364	0.230422506807372
1003	100.3	-0.0233728974126279	0.231710808351636
1004	100.4	-0.022084595868364	0.2329991098959
1005	100.5	-0.0233728974126279	0.234287411440164
1006	100.6	-0.0233728974126279	0.235575712984428
1007	100.7	-0.0233728974126279	0.236864014528692
1008	100.8	-0.0233728974126279	0.238152316072956
1009	100.9	-0.022084595868364	0.23944061761722
1010	101	-0.0233728974126279	0.23944061761722
1011	101.1	-0.022084595868364	0.242017220705748
1012	101.2	-0.022084595868364	0.242017220705748
1013	101.3	-0.022084595868364	0.243305522250012
1014	101.4	-0.0233728974126279	0.244593823794276
1015	101.5	-0.0233728974126279	0.244593823794276
1016	101.6	-0.022084595868364	0.245882125338539
1017	101.7	-0.022084595868364	0.247170426882803
1018	101.8	-0.0233728974126279	0.248458728427067
1019	101.9	-0.022084595868364	0.251035331515595
1020	102	-0.022084595868364	0.251035331515595
1021	102.1	-0.0207962943241	0.252323633059859
1022	102.2	-0.0207962943241	0.253611934604123
1023	102.3	-0.022084595868364	0.254900236148387
1024	102.4	-0.022084595868364	0.256188537692651
1025	102.5	-0.022084595868364	0.257476839236915
1026	102.6	-0.022084595868364	0.258765140781179
1027	102.7	-0.022084595868364	0.260053442325443
1028	102.8	-0.0207962943241	0.260053442325443
1029	102.9	-0.022084595868364	0.261341743869707
1030	103	-0.0233728974126279	0.262630045413971
1031	103.1	-0.022084595868364	0.262630045413971
1032	103.2	-0.022084595868364	0.262630045413971
1033	103.3	-0.022084595868364	0.262630045413971
1034	103.4	-0.022084595868364	0.263918346958235
1035	103.5	-0.022084595868364	0.265206648502499
1036	103.6	-0.022084595868364	0.266494950046763
1037	103.7	-0.022084595868364	0.267783251591027
1038	103.8	-0.022084595868364	0.269071553135291
1039	103.9	-0.022084595868364	0.270359854679555
1040	104	-0.0207962943241	0.271648156223819
1041	104.1	-0.0233728974126279	0.271648156223819
1042	104.2	-0.022084595868364	0.272936457768083
1043	104.3	-0.0207962943241	0.274224759312347
1044	104.4	-0.022084595868364	0.275513060856611
1045	104.5	-0.022084595868364	0.276801362400874
1046	104.6	-0.0233728974126279	0.275513060856611
1047	104.7	-0.022084595868364	0.278089663945138
1048	104.8	-0.022084595868364	0.278089663945138
1049	104.9	-0.022084595868364	0.279377965489402
1050	105	-0.022084595868364	0.279377965489402
1051	105.1	-0.022084595868364	0.28195456857793
1052	105.2	-0.022084595868364	0.28195456857793
1053	105.3	-0.0207962943241	0.283242870122194
1054	105.4	-0.022084595868364	0.284531171666458
1055	105.5	-0.022084595868364	0.285819473210722
1056	105.6	-0.0207962943241	0.285819473210722
1057	105.7	-0.022084595868364	0.287107774754986
1058	105.8	-0.022084595868364	0.28839607629925
1059	105.9	-0.022084595868364	0.289684377843514
1060	106	-0.0207962943241	0.290972679387778
1061	106.1	-0.0233728974126279	0.293549282476306
1062	106.2	-0.022084595868364	0.293549282476306
1063	106.3	-0.022084595868364	0.29483758402057
1064	106.4	-0.0207962943241	0.29483758402057
1065	106.5	-0.022084595868364	0.296125885564834
1066	106.6	-0.0207962943241	0.296125885564834
1067	106.7	-0.0207962943241	0.297414187109098
1068	106.8	-0.022084595868364	0.298702488653362
1069	106.9	-0.022084595868364	0.30127909174189
1070	107	-0.022084595868364	0.30127909174189
1071	107.1	-0.022084595868364	0.302567393286154
1072	107.2	-0.022084595868364	0.303855694830418
1073	107.3	-0.022084595868364	0.305143996374682
1074	107.4	-0.022084595868364	0.306432297918946
1075	107.5	-0.022084595868364	0.306432297918946
1076	107.6	-0.022084595868364	0.306432297918946
1077	107.7	-0.022084595868364	0.30772059946321
1078	107.8	-0.022084595868364	0.309008901007473
1079	107.9	-0.0233728974126279	0.310297202551737
1080	108	-0.0233728974126279	0.311585504096001
1081	108.1	-0.0233728974126279	0.312873805640265
1082	108.2	-0.0233728974126279	0.314162107184529
1083	108.3	-0.0233728974126279	0.315450408728793
1084	108.4	-0.0233728974126279	0.316738710273057
1085	108.5	-0.022084595868364	0.318027011817321
1086	108.6	-0.0233728974126279	0.318027011817321
1087	108.7	-0.0233728974126279	0.320603614905849
1088	108.8	-0.0233728974126279	0.320603614905849
1089	108.9	-0.0233728974126279	0.321891916450113
1090	109	-0.0233728974126279	0.323180217994377
1091	109.1	-0.0233728974126279	0.323180217994377
1092	109.2	-0.0233728974126279	0.324468519538641
1093	109.3	-0.0246611989568919	0.325756821082905
1094	109.4	-0.0233728974126279	0.325756821082905
1095	109.5	-0.0233728974126279	0.327045122627169
1096	109.6	-0.0246611989568919	0.327045122627169
1097	109.7	-0.0246611989568919	0.328333424171433
1098	109.8	-0.0233728974126279	0.328333424171433
1099	109.9	-0.0233728974126279	0.329621725715697
1100	110	-0.0246611989568919	0.329621725715697
1101	110.1	-0.0246611989568919	0.330910027259961
1102	110.2	-0.0246611989568919	0.332198328804225
1103	110.3	-0.0233728974126279	0.333486630348489
1104	110.4	-0.0246611989568919	0.334774931892753
1105	110.5	-0.0233728974126279	0.336063233437017
1106	110.6	-0.0246611989568919	0.336063233437017
1107	110.7	-0.0246611989568919	0.337351534981281
1108	110.8	-0.0233728974126279	0.337351534981281
1109	110.9	-0.0233728974126279	0.338639836525545
1110	111	-0.0233728974126279	0.339928138069808
1111	111.1	-0.0246611989568919	0.339928138069808
1112	111.2	-0.0246611989568919	0.341216439614072
1113	111.3	-0.0246611989568919	0.341216439614072
1114	111.4	-0.0246611989568919	0.342504741158336
1115	111.5	-0.0246611989568919	0.342504741158336
1116	111.6	-0.0259495005011559	0.3437930427026
1117	111.7	-0.0233728974126279	0.3437930427026
1118	111.8	-0.0246611989568919	0.345081344246864
1119	111.9	-0.0246611989568919	0.345081344246864
1120	112	-0.0246611989568919	0.346369645791128
1121	112.1	-0.0246611989568919	0.346369645791128
1122	112.2	-0.0246611989568919	0.347657947335392
1123	112.3	-0.0246611989568919	0.347657947335392
1124	112.4	-0.0246611989568919	0.348946248879656
1125	112.5	-0.0246611989568919	0.35023455042392
1126	112.6	-0.0246611989568919	0.351522851968184
1127	112.7	-0.0246611989568919	0.352811153512448
1128	112.8	-0.0246611989568919	0.354099455056712
1129	112.9	-0.0246611989568919	0.355387756600976
1130	113	-0.0246611989568919	0.35667605814524
1131	113.1	-0.0246611989568919	0.357964359689504
1132	113.2	-0.0259495005011559	0.357964359689504
1133	113.3	-0.0246611989568919	0.360540962778032
1134	113.4	-0.0233728974126279	0.361829264322296
1135	113.5	-0.0259495005011559	0.36311756586656
1136	113.6	-0.0259495005011559	0.364405867410824
1137	113.7	-0.0259495005011559	0.364405867410824
1138	113.8	-0.0259495005011559	0.365694168955088
1139	113.9	-0.0259495005011559	0.366982470499352
1140	114	-0.0259495005011559	0.368270772043616
1141	114.1	-0.0259495005011559	0.368270772043616
1142	114.2	-0.0246611989568919	0.370847375132143
1143	114.3	-0.0259495005011559	0.372135676676407
1144	114.4	-0.0259495005011559	0.373423978220671
1145	114.5	-0.0259495005011559	0.374712279764935
1146	114.6	-0.0246611989568919	0.376000581309199
1147	114.7	-0.0246611989568919	0.377288882853463
1148	114.8	-0.0272378020454198	0.377288882853463
1149	114.9	-0.0246611989568919	0.378577184397727
1150	115	-0.0246611989568919	0.381153787486255
1151	115.1	-0.0259495005011559	0.381153787486255
1152	115.2	-0.0259495005011559	0.382442089030519
1153	115.3	-0.0246611989568919	0.383730390574783
1154	115.4	-0.0259495005011559	0.386306993663311
1155	115.5	-0.0272378020454198	0.387595295207575
1156	115.6	-0.0259495005011559	0.387595295207575
1157	115.7	-0.0272378020454198	0.388883596751839
1158	115.8	-0.0272378020454198	0.391460199840367
1159	115.9	-0.0272378020454198	0.392748501384631
1160	116	-0.0259495005011559	0.394036802928895
1161	116.1	-0.0259495005011559	0.395325104473159
1162	116.2	-0.0259495005011559	0.396613406017423
1163	116.3	-0.0259495005011559	0.397901707561687
1164	116.4	-0.0259495005011559	0.399190009105951
1165	116.5	-0.0259495005011559	0.400478310650215
1166	116.6	-0.0272378020454198	0.400478310650215
1167	116.7	-0.0259495005011559	0.401766612194479
1168	116.8	-0.0259495005011559	0.403054913738742
1169	116.9	-0.0285261035896838	0.404343215283006
1170	117	-0.0272378020454198	0.40563151682727
1171	117.1	-0.0285261035896838	0.40563151682727
1172	117.2	-0.0272378020454198	0.406919818371534
1173	117.3	-0.0272378020454198	0.409496421460062
1174	117.4	-0.0272378020454198	0.41207302454859
1175	117.5	-0.0272378020454198	0.41207302454859
1176	117.6	-0.0285261035896838	0.414649627637118
1177	117.7	-0.0272378020454198	0.415937929181382
1178	117.8	-0.0272378020454198	0.417226230725646
1179	117.9	-0.0272378020454198	0.41851453226991
1180	118	-0.0272378020454198	0.419802833814174
1181	118.1	-0.0272378020454198	0.422379436902702
1182	118.2	-0.0272378020454198	0.42495603999123
1183	118.3	-0.0272378020454198	0.426244341535494
1184	118.4	-0.0259495005011559	0.427532643079758
1185	118.5	-0.0272378020454198	0.428820944624022
1186	118.6	-0.0272378020454198	0.43139754771255
1187	118.7	-0.0259495005011559	0.432685849256814
1188	118.8	-0.0259495005011559	0.435262452345341
1189	118.9	-0.0272378020454198	0.436550753889605
1190	119	-0.0272378020454198	0.439127356978133
1191	119.1	-0.0259495005011559	0.440415658522397
1192	119.2	-0.0259495005011559	0.441703960066661
1193	119.3	-0.0272378020454198	0.442992261610925
1194	119.4	-0.0272378020454198	0.444280563155189
1195	119.5	-0.0259495005011559	0.445568864699453
1196	119.6	-0.0259495005011559	0.446857166243717
1197	119.7	-0.0259495005011559	0.449433769332245
1198	119.8	-0.0259495005011559	0.450722070876509
1199	119.9	-0.0259495005011559	0.452010372420773
1200	120	-0.0259495005011559	0.453298673965037
1201	120.1	-0.0246611989568919	0.454586975509301
1202	120.2	-0.0259495005011559	0.455875277053565
1203	120.3	-0.0259495005011559	0.457163578597829
1204	120.4	-0.0246611989568919	0.458451880142093
1205	120.5	-0.0259495005011559	0.461028483230621
1206	120.6	-0.0259495005011559	0.463605086319149
1207	120.7	-0.0272378020454198	0.464893387863412
1208	120.8	-0.0246611989568919	0.464893387863412
1209	120.9	-0.0259495005011559	0.466181689407676
1210	121	-0.0259495005011559	0.468758292496204
1211	121.1	-0.0272378020454198	0.470046594040468
1212	121.2	-0.0259495005011559	0.471334895584732
1213	121.3	-0.0259495005011559	0.472623197128996
1214	121.4	-0.0272378020454198	0.47391149867326
1215	121.5	-0.0246611989568919	0.475199800217524
1216	121.6	-0.0259495005011559	0.477776403306052
1217	121.7	-0.0259495005011559	0.479064704850316
1218	121.8	-0.0259495005011559	0.479064704850316
1219	121.9	-0.0246611989568919	0.481641307938844
1220	122	-0.0259495005011559	0.482929609483108
1221	122.1	-0.0259495005011559	0.484217911027372
1222	122.2	-0.0259495005011559	0.4867945141159
1223	122.3	-0.0259495005011559	0.4867945141159
1224	122.4	-0.0259495005011559	0.488082815660164
1225	122.5	-0.0246611989568919	0.490659418748692
1226	122.6	-0.0246611989568919	0.491947720292956
1227	122.7	-0.0246611989568919	0.49323602183722
1228	122.8	-0.0246611989568919	0.494524323381484
1229	122.9	-0.0233728974126279	0.495812624925748
1230	123	-0.0246611989568919	0.497100926470011
1231	123.1	-0.0246611989568919	0.499677529558539
1232	123.2	-0.0233728974126279	0.502254132647067
1233	123.3	-0.0233728974126279	0.502254132647067
1234	123.4	-0.0246611989568919	0.503542434191331
1235	123.5	-0.0246611989568919	0.506119037279859
1236	123.6	-0.0233728974126279	0.506119037279859
1237	123.7	-0.0233728974126279	0.508695640368387
1238	123.8	-0.0246611989568919	0.509983941912651
1239	123.9	-0.0246611989568919	0.511272243456915
1240	124	-0.0246611989568919	0.512560545001179
1241	124.1	-0.0233728974126279	0.515137148089707
1242	124.2	-0.0233728974126279	0.516425449633971
1243	124.3	-0.0246611989568919	0.516425449633971
1244	124.4	-0.0233728974126279	0.519002052722499
1245	124.5	-0.0233728974126279	0.520290354266763
1246	124.6	-0.0233728974126279	0.520290354266763
1247	124.7	-0.0246611989568919	0.521578655811027
1248	124.8	-0.0233728974126279	0.522866957355291
1249	124.9	-0.0233728974126279	0.522866957355291
1250	125	-0.0246611989568919	0.524155258899555
1251	125.1	-0.0233728974126279	0.525443560443819
1252	125.2	-0.0233728974126279	0.525443560443819
1253	125.3	-0.0246611989568919	0.528020163532346
1254	125.4	-0.0246611989568919	0.528020163532346
1255	125.5	-0.0233728974126279	0.52930846507661
1256	125.6	-0.0246611989568919	0.530596766620874
1257	125.7	-0.0233728974126279	0.531885068165138
1258	125.8	-0.0246611989568919	0.534461671253666
1259	125.9	-0.0233728974126279	0.534461671253666
1260	126	-0.022084595868364	0.53574997279793
1261	126.1	-0.0233728974126279	0.537038274342194
1262	126.2	-0.0246611989568919	0.538326575886458
1263	126.3	-0.0233728974126279	0.539614877430722
1264	126.4	-0.0233728974126279	0.540903178974986
1265	126.5	-0.0233728974126279	0.540903178974986
1266	126.6	-0.0233728974126279	0.54219148051925
1267	126.7	-0.0233728974126279	0.543479782063514
1268	126.8	-0.0233728974126279	0.544768083607778
1269	126.9	-0.0233728974126279	0.546056385152042
1270	127	-0.0246611989568919	0.54863298824057
1271	127.1	-0.0233728974126279	0.54863298824057
1272	127.2	-0.0246611989568919	0.549921289784834
1273	127.3	-0.0233728974126279	0.551209591329098
1274	127.4	-0.0246611989568919	0.552497892873362
1275	127.5	-0.0233728974126279	0.553786194417626
1276	127.6	-0.0233728974126279	0.556362797506154
1277	127.7	-0.0246611989568919	0.557651099050418
1278	127.8	-0.0233728974126279	0.558939400594682
1279	127.9	-0.0233728974126279	0.560227702138945
1280	128	-0.0233728974126279	0.560227702138945
1281	128.1	-0.0233728974126279	0.561516003683209
1282	128.2	-0.0246611989568919	0.562804305227473
1283	128.3	-0.0246611989568919	0.564092606771737
1284	128.4	-0.0233728974126279	0.565380908316001
1285	128.5	-0.0233728974126279	0.566669209860265
1286	128.6	-0.0233728974126279	0.569245812948793
1287	128.7	-0.0233728974126279	0.570534114493057
1288	128.8	-0.0233728974126279	0.571822416037321
1289	128.9	-0.022084595868364	0.574399019125849
1290	129	-0.0233728974126279	0.574399019125849
1291	129.1	-0.0246611989568919	0.575687320670113
1292	129.2	-0.0233728974126279	0.578263923758641
1293	129.3	-0.0246611989568919	0.579552225302905
1294	129.4	-0.0246611989568919	0.580840526847169
1295	129.5	-0.0233728974126279	0.582128828391433
1296	129.6	-0.0233728974126279	0.583417129935697
1297	129.7	-0.0246611989568919	0.584705431479961
1298	129.8	-0.0246611989568919	0.587282034568489
1299	129.9	-0.022084595868364	0.587282034568489
1300	130	-0.0233728974126279	0.588570336112753
1301	130.1	-0.0246611989568919	0.589858637657017
1302	130.2	-0.0233728974126279	0.592435240745544
1303	130.3	-0.0233728974126279	0.592435240745544
1304	130.4	-0.0246611989568919	0.595011843834072
1305	130.5	-0.0246611989568919	0.595011843834072
1306	130.6	-0.0233728974126279	0.596300145378336
1307	130.7	-0.0246611989568919	0.596300145378336
1308	130.8	-0.0233728974126279	0.598876748466864
1309	130.9	-0.0246611989568919	0.598876748466864
1310	131	-0.0246611989568919	0.600165050011128
1311	131.1	-0.0233728974126279	0.601453351555392
1312	131.2	-0.0246611989568919	0.602741653099656
1313	131.3	-0.0246611989568919	0.60402995464392
1314	131.4	-0.0246611989568919	0.605318256188184
1315	131.5	-0.0246611989568919	0.606606557732448
1316	131.6	-0.0246611989568919	0.607894859276712
1317	131.7	-0.0246611989568919	0.609183160820976
1318	131.8	-0.0246611989568919	0.61047146236524
1319	131.9	-0.0246611989568919	0.611759763909504
1320	132	-0.0259495005011559	0.611759763909504
1321	132.1	-0.0259495005011559	0.613048065453768
1322	132.2	-0.0259495005011559	0.614336366998032
1323	132.3	-0.0246611989568919	0.614336366998032
1324	132.4	-0.0259495005011559	0.615624668542296
1325	132.5	-0.0259495005011559	0.615624668542296
1326	132.6	-0.0272378020454198	0.61691297008656
1327	132.7	-0.0259495005011559	0.618201271630824
1328	132.8	-0.0259495005011559	0.619489573175088
1329	132.9	-0.0246611989568919	0.620777874719352
1330	133	-0.0246611989568919	0.622066176263615
1331	133.1	-0.0259495005011559	0.623354477807879
1332	133.2	-0.0272378020454198	0.624642779352143
1333	133.3	-0.0246611989568919	0.625931080896407
1334	133.4	-0.0259495005011559	0.627219382440671
1335	133.5	-0.0272378020454198	0.627219382440671
1336	133.6	-0.0259495005011559	0.629795985529199
1337	133.7	-0.0259495005011559	0.629795985529199
1338	133.8	-0.0259495005011559	0.629795985529199
1339	133.9	-0.0259495005011559	0.632372588617727
1340	134	-0.0259495005011559	0.632372588617727
1341	134.1	-0.0246611989568919	0.633660890161991
1342	134.2	-0.0259495005011559	0.634949191706255
1343	134.3	-0.0259495005011559	0.634949191706255
1344	134.4	-0.0246611989568919	0.634949191706255
1345	134.5	-0.0259495005011559	0.636237493250519
1346	134.6	-0.0259495005011559	0.636237493250519
1347	134.7	-0.0272378020454198	0.637525794794783
1348	134.8	-0.0272378020454198	0.638814096339047
1349	134.9	-0.0246611989568919	0.640102397883311
1350	135	-0.0259495005011559	0.641390699427575
