Number of measurement points: 1075
Sample Rate (Hz): 10
Low limit Ch0 (V): -10
Upper limit Ch0 (V): 10
Low limit Ch1 (V): -10
Upper limit Ch1 (V): 10

Index	Time[s]	Ch0[V]	Ch1[V]
0	0	-0.0633102452848107	-0.592802179977298
1	0.1	-0.0259495005011559	-0.592802179977298
2	0.2	-0.0246611989568919	-0.592802179977298
3	0.3	-0.0259495005011559	-0.592802179977298
4	0.4	-0.0246611989568919	-0.592802179977298
5	0.5	-0.0259495005011559	-0.592802179977298
6	0.6	-0.0246611989568919	-0.592802179977298
7	0.7	-0.0246611989568919	-0.592802179977298
8	0.8	-0.0246611989568919	-0.592802179977298
9	0.9	-0.0246611989568919	-0.592802179977298
10	1	-0.0259495005011559	-0.592802179977298
11	1.1	-0.0246611989568919	-0.592802179977298
12	1.2	-0.0246611989568919	-0.592802179977298
13	1.3	-0.0259495005011559	-0.592802179977298
14	1.4	-0.0246611989568919	-0.592802179977298
15	1.5	-0.0246611989568919	-0.592802179977298
16	1.6	-0.0246611989568919	-0.594090481521562
17	1.7	-0.0259495005011559	-0.592802179977298
18	1.8	-0.0259495005011559	-0.594090481521562
19	1.9	-0.0259495005011559	-0.594090481521562
20	2	-0.0259495005011559	-0.592802179977298
21	2.1	-0.0246611989568919	-0.592802179977298
22	2.2	-0.0259495005011559	-0.594090481521562
23	2.3	-0.0246611989568919	-0.594090481521562
24	2.4	-0.0259495005011559	-0.594090481521562
25	2.5	-0.0246611989568919	-0.594090481521562
26	2.6	-0.0246611989568919	-0.594090481521562
27	2.7	-0.0259495005011559	-0.592802179977298
28	2.8	-0.0246611989568919	-0.592802179977298
29	2.9	-0.0246611989568919	-0.591513878433034
30	3	-0.0246611989568919	-0.59022557688877
31	3.1	-0.0259495005011559	-0.588937275344506
32	3.2	-0.0259495005011559	-0.588937275344506
33	3.3	-0.0259495005011559	-0.587648973800242
34	3.4	-0.0259495005011559	-0.586360672255978
35	3.5	-0.0259495005011559	-0.586360672255978
36	3.6	-0.0246611989568919	-0.585072370711714
37	3.7	-0.0246611989568919	-0.58378406916745
38	3.8	-0.0259495005011559	-0.58378406916745
39	3.9	-0.0246611989568919	-0.582495767623186
40	4	-0.0246611989568919	-0.582495767623186
41	4.1	-0.0246611989568919	-0.581207466078922
42	4.2	-0.0246611989568919	-0.579919164534658
43	4.3	-0.0246611989568919	-0.579919164534658
44	4.4	-0.0259495005011559	-0.57734256144613
45	4.5	-0.0246611989568919	-0.57734256144613
46	4.6	-0.0246611989568919	-0.57734256144613
47	4.7	-0.0233728974126279	-0.576054259901866
48	4.8	-0.0246611989568919	-0.576054259901866
49	4.9	-0.0233728974126279	-0.574765958357602
50	5	-0.0233728974126279	-0.576054259901866
51	5.1	-0.0233728974126279	-0.574765958357602
52	5.2	-0.0233728974126279	-0.574765958357602
53	5.3	-0.0246611989568919	-0.574765958357602
54	5.4	-0.0233728974126279	-0.573477656813338
55	5.5	-0.0246611989568919	-0.573477656813338
56	5.6	-0.0233728974126279	-0.573477656813338
57	5.7	-0.0246611989568919	-0.572189355269074
58	5.8	-0.0233728974126279	-0.57090105372481
59	5.9	-0.0233728974126279	-0.569612752180547
60	6	-0.0233728974126279	-0.569612752180547
61	6.1	-0.0233728974126279	-0.567036149092019
62	6.2	-0.022084595868364	-0.567036149092019
63	6.3	-0.0233728974126279	-0.565747847547755
64	6.4	-0.022084595868364	-0.564459546003491
65	6.5	-0.0233728974126279	-0.564459546003491
66	6.6	-0.0233728974126279	-0.564459546003491
67	6.7	-0.0233728974126279	-0.561882942914963
68	6.8	-0.022084595868364	-0.560594641370699
69	6.9	-0.0233728974126279	-0.559306339826435
70	7	-0.0233728974126279	-0.559306339826435
71	7.1	-0.0246611989568919	-0.558018038282171
72	7.2	-0.022084595868364	-0.556729736737907
73	7.3	-0.0246611989568919	-0.556729736737907
74	7.4	-0.022084595868364	-0.555441435193643
75	7.5	-0.0246611989568919	-0.554153133649379
76	7.6	-0.022084595868364	-0.552864832105115
77	7.7	-0.0233728974126279	-0.552864832105115
78	7.8	-0.0233728974126279	-0.550288229016587
79	7.9	-0.0233728974126279	-0.550288229016587
80	8	-0.022084595868364	-0.548999927472323
81	8.1	-0.022084595868364	-0.547711625928059
82	8.2	-0.022084595868364	-0.546423324383795
83	8.3	-0.022084595868364	-0.545135022839531
84	8.4	-0.0233728974126279	-0.543846721295267
85	8.5	-0.0233728974126279	-0.542558419751003
86	8.6	-0.0233728974126279	-0.541270118206739
87	8.7	-0.0233728974126279	-0.539981816662475
88	8.8	-0.022084595868364	-0.538693515118212
89	8.9	-0.022084595868364	-0.537405213573948
90	9	-0.0233728974126279	-0.536116912029684
91	9.1	-0.022084595868364	-0.536116912029684
92	9.2	-0.0207962943241	-0.53482861048542
93	9.3	-0.022084595868364	-0.533540308941156
94	9.4	-0.0207962943241	-0.532252007396892
95	9.5	-0.022084595868364	-0.532252007396892
96	9.6	-0.0207962943241	-0.529675404308364
97	9.7	-0.0195079927798361	-0.529675404308364
98	9.8	-0.0195079927798361	-0.5283871027641
99	9.9	-0.0195079927798361	-0.5283871027641
100	10	-0.022084595868364	-0.527098801219836
101	10.1	-0.0207962943241	-0.527098801219836
102	10.2	-0.022084595868364	-0.525810499675572
103	10.3	-0.0195079927798361	-0.524522198131308
104	10.4	-0.022084595868364	-0.523233896587044
105	10.5	-0.0195079927798361	-0.52194559504278
106	10.6	-0.0195079927798361	-0.520657293498516
107	10.7	-0.0207962943241	-0.52194559504278
108	10.8	-0.0195079927798361	-0.519368991954252
109	10.9	-0.0207962943241	-0.518080690409988
110	11	-0.0207962943241	-0.516792388865724
111	11.1	-0.0195079927798361	-0.51550408732146
112	11.2	-0.0207962943241	-0.514215785777196
113	11.3	-0.0195079927798361	-0.512927484232932
114	11.4	-0.0207962943241	-0.512927484232932
115	11.5	-0.0207962943241	-0.511639182688668
116	11.6	-0.0207962943241	-0.510350881144404
117	11.7	-0.0207962943241	-0.50906257960014
118	11.8	-0.0195079927798361	-0.506485976511613
119	11.9	-0.022084595868364	-0.506485976511613
120	12	-0.0195079927798361	-0.505197674967349
121	12.1	-0.0207962943241	-0.503909373423085
122	12.2	-0.0195079927798361	-0.503909373423085
123	12.3	-0.0195079927798361	-0.502621071878821
124	12.4	-0.0195079927798361	-0.500044468790293
125	12.5	-0.0207962943241	-0.500044468790293
126	12.6	-0.0207962943241	-0.498756167246029
127	12.7	-0.0207962943241	-0.497467865701765
128	12.8	-0.0195079927798361	-0.496179564157501
129	12.9	-0.0207962943241	-0.494891262613237
130	13	-0.0195079927798361	-0.493602961068973
131	13.1	-0.0207962943241	-0.493602961068973
132	13.2	-0.0207962943241	-0.492314659524709
133	13.3	-0.0207962943241	-0.492314659524709
134	13.4	-0.0207962943241	-0.489738056436181
135	13.5	-0.0207962943241	-0.488449754891917
136	13.6	-0.0207962943241	-0.487161453347653
137	13.7	-0.0207962943241	-0.485873151803389
138	13.8	-0.0207962943241	-0.484584850259125
139	13.9	-0.0195079927798361	-0.482008247170597
140	14	-0.0195079927798361	-0.482008247170597
141	14.1	-0.0207962943241	-0.480719945626333
142	14.2	-0.0207962943241	-0.479431644082069
143	14.3	-0.0207962943241	-0.476855040993541
144	14.4	-0.0195079927798361	-0.475566739449278
145	14.5	-0.0207962943241	-0.474278437905014
146	14.6	-0.0195079927798361	-0.47299013636075
147	14.7	-0.0207962943241	-0.471701834816486
148	14.8	-0.0195079927798361	-0.470413533272222
149	14.9	-0.0207962943241	-0.469125231727958
150	15	-0.0195079927798361	-0.467836930183694
151	15.1	-0.0207962943241	-0.46654862863943
152	15.2	-0.0207962943241	-0.463972025550902
153	15.3	-0.0207962943241	-0.462683724006638
154	15.4	-0.0207962943241	-0.461395422462374
155	15.5	-0.0195079927798361	-0.46010712091811
156	15.6	-0.0195079927798361	-0.457530517829582
157	15.7	-0.0207962943241	-0.456242216285318
158	15.8	-0.0195079927798361	-0.454953914741054
159	15.9	-0.0207962943241	-0.45366561319679
160	16	-0.0195079927798361	-0.452377311652526
161	16.1	-0.0207962943241	-0.451089010108262
162	16.2	-0.0207962943241	-0.449800708563998
163	16.3	-0.0207962943241	-0.448512407019734
164	16.4	-0.022084595868364	-0.44722410547547
165	16.5	-0.022084595868364	-0.445935803931206
166	16.6	-0.0207962943241	-0.443359200842679
167	16.7	-0.022084595868364	-0.443359200842679
168	16.8	-0.0207962943241	-0.442070899298415
169	16.9	-0.022084595868364	-0.440782597754151
170	17	-0.0207962943241	-0.439494296209887
171	17.1	-0.022084595868364	-0.439494296209887
172	17.2	-0.0207962943241	-0.436917693121359
173	17.3	-0.0207962943241	-0.435629391577095
174	17.4	-0.022084595868364	-0.434341090032831
175	17.5	-0.0207962943241	-0.433052788488567
176	17.6	-0.022084595868364	-0.431764486944303
177	17.7	-0.022084595868364	-0.431764486944303
178	17.8	-0.022084595868364	-0.430476185400039
179	17.9	-0.0207962943241	-0.430476185400039
180	18	-0.022084595868364	-0.427899582311511
181	18.1	-0.022084595868364	-0.426611280767247
182	18.2	-0.0233728974126279	-0.425322979222983
183	18.3	-0.022084595868364	-0.422746376134455
184	18.4	-0.022084595868364	-0.421458074590191
185	18.5	-0.0233728974126279	-0.420169773045927
186	18.6	-0.022084595868364	-0.417593169957399
187	18.7	-0.022084595868364	-0.415016566868871
188	18.8	-0.022084595868364	-0.413728265324607
189	18.9	-0.022084595868364	-0.412439963780344
190	19	-0.022084595868364	-0.409863360691816
191	19.1	-0.022084595868364	-0.408575059147552
192	19.2	-0.0233728974126279	-0.407286757603288
193	19.3	-0.0233728974126279	-0.405998456059024
194	19.4	-0.022084595868364	-0.403421852970496
195	19.5	-0.0233728974126279	-0.402133551426232
196	19.6	-0.0233728974126279	-0.402133551426232
197	19.7	-0.022084595868364	-0.399556948337704
198	19.8	-0.0233728974126279	-0.39826864679344
199	19.9	-0.022084595868364	-0.39826864679344
200	20	-0.0233728974126279	-0.396980345249176
201	20.1	-0.022084595868364	-0.395692043704912
202	20.2	-0.022084595868364	-0.394403742160648
203	20.3	-0.0233728974126279	-0.393115440616384
204	20.4	-0.022084595868364	-0.393115440616384
205	20.5	-0.0233728974126279	-0.390538837527856
206	20.6	-0.022084595868364	-0.389250535983592
207	20.7	-0.022084595868364	-0.387962234439328
208	20.8	-0.0246611989568919	-0.386673932895064
209	20.9	-0.0233728974126279	-0.386673932895064
210	21	-0.0233728974126279	-0.384097329806536
211	21.1	-0.0233728974126279	-0.382809028262272
212	21.2	-0.0233728974126279	-0.381520726718009
213	21.3	-0.0233728974126279	-0.380232425173745
214	21.4	-0.022084595868364	-0.378944123629481
215	21.5	-0.0233728974126279	-0.377655822085217
216	21.6	-0.0233728974126279	-0.376367520540953
217	21.7	-0.0246611989568919	-0.375079218996689
218	21.8	-0.0246611989568919	-0.373790917452425
219	21.9	-0.0246611989568919	-0.372502615908161
220	22	-0.0246611989568919	-0.371214314363897
221	22.1	-0.0233728974126279	-0.369926012819633
222	22.2	-0.0246611989568919	-0.369926012819633
223	22.3	-0.0246611989568919	-0.368637711275369
224	22.4	-0.0246611989568919	-0.367349409731105
225	22.5	-0.0246611989568919	-0.366061108186841
226	22.6	-0.0259495005011559	-0.364772806642577
227	22.7	-0.0259495005011559	-0.364772806642577
228	22.8	-0.0246611989568919	-0.362196203554049
229	22.9	-0.0259495005011559	-0.360907902009785
230	23	-0.0259495005011559	-0.359619600465521
231	23.1	-0.0259495005011559	-0.358331298921257
232	23.2	-0.0259495005011559	-0.357042997376993
233	23.3	-0.0259495005011559	-0.355754695832729
234	23.4	-0.0246611989568919	-0.354466394288465
235	23.5	-0.0259495005011559	-0.354466394288465
236	23.6	-0.0246611989568919	-0.354466394288465
237	23.7	-0.0246611989568919	-0.353178092744201
238	23.8	-0.0259495005011559	-0.353178092744201
239	23.9	-0.0246611989568919	-0.351889791199937
240	24	-0.0246611989568919	-0.351889791199937
241	24.1	-0.0259495005011559	-0.350601489655674
242	24.2	-0.0246611989568919	-0.34931318811141
243	24.3	-0.0246611989568919	-0.348024886567146
244	24.4	-0.0246611989568919	-0.348024886567146
245	24.5	-0.0246611989568919	-0.346736585022882
246	24.6	-0.0246611989568919	-0.346736585022882
247	24.7	-0.0259495005011559	-0.346736585022882
248	24.8	-0.0233728974126279	-0.345448283478618
249	24.9	-0.0246611989568919	-0.344159981934354
250	25	-0.0246611989568919	-0.34287168039009
251	25.1	-0.0246611989568919	-0.341583378845826
252	25.2	-0.0259495005011559	-0.340295077301562
253	25.3	-0.0246611989568919	-0.339006775757298
254	25.4	-0.0246611989568919	-0.337718474213034
255	25.5	-0.0259495005011559	-0.33643017266877
256	25.6	-0.0246611989568919	-0.335141871124506
257	25.7	-0.0259495005011559	-0.333853569580242
258	25.8	-0.0246611989568919	-0.333853569580242
259	25.9	-0.0246611989568919	-0.332565268035978
260	26	-0.0259495005011559	-0.331276966491714
261	26.1	-0.0246611989568919	-0.32998866494745
262	26.2	-0.0246611989568919	-0.328700363403186
263	26.3	-0.0259495005011559	-0.328700363403186
264	26.4	-0.0246611989568919	-0.326123760314658
265	26.5	-0.0259495005011559	-0.324835458770394
266	26.6	-0.0246611989568919	-0.322258855681866
267	26.7	-0.0259495005011559	-0.320970554137602
268	26.8	-0.0259495005011559	-0.320970554137602
269	26.9	-0.0246611989568919	-0.319682252593338
270	27	-0.0259495005011559	-0.318393951049075
271	27.1	-0.0246611989568919	-0.317105649504811
272	27.2	-0.0246611989568919	-0.317105649504811
273	27.3	-0.0259495005011559	-0.315817347960547
274	27.4	-0.0259495005011559	-0.314529046416283
275	27.5	-0.0259495005011559	-0.314529046416283
276	27.6	-0.0259495005011559	-0.311952443327755
277	27.7	-0.0259495005011559	-0.310664141783491
278	27.8	-0.0259495005011559	-0.309375840239227
279	27.9	-0.0259495005011559	-0.308087538694963
280	28	-0.0259495005011559	-0.306799237150699
281	28.1	-0.0259495005011559	-0.306799237150699
282	28.2	-0.0246611989568919	-0.304222634062171
283	28.3	-0.0246611989568919	-0.302934332517907
284	28.4	-0.0246611989568919	-0.300357729429379
285	28.5	-0.0259495005011559	-0.300357729429379
286	28.6	-0.0246611989568919	-0.299069427885115
287	28.7	-0.0259495005011559	-0.297781126340851
288	28.8	-0.0246611989568919	-0.296492824796587
289	28.9	-0.0246611989568919	-0.295204523252323
290	29	-0.0246611989568919	-0.295204523252323
291	29.1	-0.0259495005011559	-0.292627920163795
292	29.2	-0.0246611989568919	-0.291339618619531
293	29.3	-0.0246611989568919	-0.290051317075267
294	29.4	-0.0246611989568919	-0.288763015531003
295	29.5	-0.0246611989568919	-0.286186412442476
296	29.6	-0.0259495005011559	-0.284898110898212
297	29.7	-0.0246611989568919	-0.282321507809684
298	29.8	-0.0259495005011559	-0.28103320626542
299	29.9	-0.0246611989568919	-0.28103320626542
300	30	-0.0246611989568919	-0.278456603176892
301	30.1	-0.0259495005011559	-0.277168301632628
302	30.2	-0.0259495005011559	-0.275880000088364
303	30.3	-0.0246611989568919	-0.2745916985441
304	30.4	-0.0259495005011559	-0.273303396999836
305	30.5	-0.0259495005011559	-0.272015095455572
306	30.6	-0.0259495005011559	-0.269438492367044
307	30.7	-0.0246611989568919	-0.26815019082278
308	30.8	-0.0259495005011559	-0.265573587734252
309	30.9	-0.0259495005011559	-0.265573587734252
310	31	-0.0259495005011559	-0.264285286189988
311	31.1	-0.0259495005011559	-0.264285286189988
312	31.2	-0.0246611989568919	-0.262996984645724
313	31.3	-0.0259495005011559	-0.26170868310146
314	31.4	-0.0246611989568919	-0.260420381557196
315	31.5	-0.0259495005011559	-0.259132080012932
316	31.6	-0.0246611989568919	-0.257843778468668
317	31.7	-0.0246611989568919	-0.257843778468668
318	31.8	-0.0246611989568919	-0.256555476924405
319	31.9	-0.0259495005011559	-0.255267175380141
320	32	-0.0246611989568919	-0.253978873835877
321	32.1	-0.0259495005011559	-0.252690572291613
322	32.2	-0.0259495005011559	-0.251402270747349
323	32.3	-0.0259495005011559	-0.250113969203085
324	32.4	-0.0259495005011559	-0.248825667658821
325	32.5	-0.0259495005011559	-0.247537366114557
326	32.6	-0.0246611989568919	-0.247537366114557
327	32.7	-0.0246611989568919	-0.246249064570293
328	32.8	-0.0246611989568919	-0.244960763026029
329	32.9	-0.0233728974126279	-0.242384159937501
330	33	-0.0246611989568919	-0.241095858393237
331	33.1	-0.0246611989568919	-0.239807556848973
332	33.2	-0.0246611989568919	-0.238519255304709
333	33.3	-0.0259495005011559	-0.237230953760445
334	33.4	-0.0233728974126279	-0.237230953760445
335	33.5	-0.0246611989568919	-0.235942652216181
336	33.6	-0.0233728974126279	-0.234654350671917
337	33.7	-0.0246611989568919	-0.233366049127653
338	33.8	-0.0246611989568919	-0.232077747583389
339	33.9	-0.0259495005011559	-0.232077747583389
340	34	-0.0233728974126279	-0.230789446039125
341	34.1	-0.0246611989568919	-0.228212842950597
342	34.2	-0.0246611989568919	-0.228212842950597
343	34.3	-0.0233728974126279	-0.226924541406333
344	34.4	-0.0259495005011559	-0.225636239862069
345	34.5	-0.0246611989568919	-0.224347938317806
346	34.6	-0.0246611989568919	-0.224347938317806
347	34.7	-0.0233728974126279	-0.221771335229278
348	34.8	-0.0233728974126279	-0.221771335229278
349	34.9	-0.0246611989568919	-0.21919473214075
350	35	-0.0246611989568919	-0.21919473214075
351	35.1	-0.0246611989568919	-0.217906430596486
352	35.2	-0.0233728974126279	-0.216618129052222
353	35.3	-0.0246611989568919	-0.215329827507958
354	35.4	-0.0233728974126279	-0.214041525963694
355	35.5	-0.0233728974126279	-0.21275322441943
356	35.6	-0.0259495005011559	-0.211464922875166
357	35.7	-0.0233728974126279	-0.210176621330902
358	35.8	-0.0246611989568919	-0.207600018242374
359	35.9	-0.0233728974126279	-0.207600018242374
360	36	-0.0246611989568919	-0.205023415153846
361	36.1	-0.0233728974126279	-0.203735113609582
362	36.2	-0.0233728974126279	-0.202446812065318
363	36.3	-0.0233728974126279	-0.202446812065318
364	36.4	-0.0233728974126279	-0.201158510521054
365	36.5	-0.022084595868364	-0.201158510521054
366	36.6	-0.0233728974126279	-0.19987020897679
367	36.7	-0.0246611989568919	-0.198581907432526
368	36.8	-0.0233728974126279	-0.197293605888262
369	36.9	-0.022084595868364	-0.196005304343998
370	37	-0.0233728974126279	-0.194717002799734
371	37.1	-0.0233728974126279	-0.194717002799734
372	37.2	-0.022084595868364	-0.193428701255471
373	37.3	-0.0233728974126279	-0.192140399711207
374	37.4	-0.022084595868364	-0.190852098166943
375	37.5	-0.022084595868364	-0.189563796622679
376	37.6	-0.022084595868364	-0.189563796622679
377	37.7	-0.0233728974126279	-0.188275495078415
378	37.8	-0.022084595868364	-0.186987193534151
379	37.9	-0.022084595868364	-0.185698891989887
380	38	-0.0233728974126279	-0.184410590445623
381	38.1	-0.0233728974126279	-0.184410590445623
382	38.2	-0.022084595868364	-0.183122288901359
383	38.3	-0.0207962943241	-0.180545685812831
384	38.4	-0.0233728974126279	-0.179257384268567
385	38.5	-0.0233728974126279	-0.177969082724303
386	38.6	-0.0246611989568919	-0.176680781180039
387	38.7	-0.0233728974126279	-0.176680781180039
388	38.8	-0.0233728974126279	-0.175392479635775
389	38.9	-0.0246611989568919	-0.174104178091511
390	39	-0.0233728974126279	-0.172815876547247
391	39.1	-0.0246611989568919	-0.172815876547247
392	39.2	-0.0259495005011559	-0.171527575002983
393	39.3	-0.0233728974126279	-0.170239273458719
394	39.4	-0.0233728974126279	-0.170239273458719
395	39.5	-0.0233728974126279	-0.168950971914455
396	39.6	-0.0233728974126279	-0.167662670370191
397	39.7	-0.022084595868364	-0.166374368825927
398	39.8	-0.0233728974126279	-0.165086067281663
399	39.9	-0.0233728974126279	-0.163797765737399
400	40	-0.022084595868364	-0.162509464193135
401	40.1	-0.0233728974126279	-0.161221162648872
402	40.2	-0.022084595868364	-0.159932861104608
403	40.3	-0.022084595868364	-0.159932861104608
404	40.4	-0.0233728974126279	-0.158644559560344
405	40.5	-0.0207962943241	-0.15735625801608
406	40.6	-0.0233728974126279	-0.15735625801608
407	40.7	-0.022084595868364	-0.156067956471816
408	40.8	-0.022084595868364	-0.154779654927552
409	40.9	-0.0207962943241	-0.154779654927552
410	41	-0.022084595868364	-0.153491353383288
411	41.1	-0.022084595868364	-0.152203051839024
412	41.2	-0.022084595868364	-0.152203051839024
413	41.3	-0.022084595868364	-0.152203051839024
414	41.4	-0.022084595868364	-0.15091475029476
415	41.5	-0.0207962943241	-0.149626448750496
416	41.6	-0.022084595868364	-0.148338147206232
417	41.7	-0.022084595868364	-0.147049845661968
418	41.8	-0.022084595868364	-0.147049845661968
419	41.9	-0.022084595868364	-0.145761544117704
420	42	-0.0207962943241	-0.14447324257344
421	42.1	-0.0207962943241	-0.143184941029176
422	42.2	-0.022084595868364	-0.141896639484912
423	42.3	-0.0207962943241	-0.140608337940648
424	42.4	-0.022084595868364	-0.139320036396384
425	42.5	-0.022084595868364	-0.13803173485212
426	42.6	-0.0207962943241	-0.13803173485212
427	42.7	-0.0207962943241	-0.135455131763592
428	42.8	-0.0207962943241	-0.135455131763592
429	42.9	-0.022084595868364	-0.134166830219328
430	43	-0.0207962943241	-0.132878528675064
431	43.1	-0.022084595868364	-0.132878528675064
432	43.2	-0.022084595868364	-0.130301925586537
433	43.3	-0.022084595868364	-0.130301925586537
434	43.4	-0.0207962943241	-0.130301925586537
435	43.5	-0.022084595868364	-0.127725322498009
436	43.6	-0.0233728974126279	-0.127725322498009
437	43.7	-0.0233728974126279	-0.126437020953745
438	43.8	-0.0233728974126279	-0.125148719409481
439	43.9	-0.0246611989568919	-0.123860417865217
440	44	-0.0233728974126279	-0.123860417865217
441	44.1	-0.0246611989568919	-0.122572116320953
442	44.2	-0.0233728974126279	-0.121283814776689
443	44.3	-0.0259495005011559	-0.119995513232425
444	44.4	-0.0246611989568919	-0.119995513232425
445	44.5	-0.0246611989568919	-0.119995513232425
446	44.6	-0.0246611989568919	-0.118707211688161
447	44.7	-0.0233728974126279	-0.117418910143897
448	44.8	-0.0246611989568919	-0.117418910143897
449	44.9	-0.0233728974126279	-0.116130608599633
450	45	-0.0233728974126279	-0.114842307055369
451	45.1	-0.022084595868364	-0.112265703966841
452	45.2	-0.0233728974126279	-0.112265703966841
453	45.3	-0.0207962943241	-0.110977402422577
454	45.4	-0.022084595868364	-0.109689100878313
455	45.5	-0.0207962943241	-0.108400799334049
456	45.6	-0.022084595868364	-0.107112497789785
457	45.7	-0.0207962943241	-0.107112497789785
458	45.8	-0.022084595868364	-0.104535894701257
459	45.9	-0.0207962943241	-0.103247593156993
460	46	-0.022084595868364	-0.101959291612729
461	46.1	-0.0207962943241	-0.101959291612729
462	46.2	-0.0207962943241	-0.100670990068465
463	46.3	-0.0207962943241	-0.0993826885242015
464	46.4	-0.0207962943241	-0.0980943869799376
465	46.5	-0.0207962943241	-0.0980943869799376
466	46.6	-0.0195079927798361	-0.0968060854356736
467	46.7	-0.0195079927798361	-0.0968060854356736
468	46.8	-0.0207962943241	-0.0942294823471457
469	46.9	-0.0207962943241	-0.0929411808028817
470	47	-0.0207962943241	-0.0916528792586178
471	47.1	-0.0207962943241	-0.0903645777143538
472	47.2	-0.0207962943241	-0.0890762761700898
473	47.3	-0.0207962943241	-0.0877879746258259
474	47.4	-0.022084595868364	-0.0877879746258259
475	47.5	-0.022084595868364	-0.0864996730815619
476	47.6	-0.0233728974126279	-0.085211371537298
477	47.7	-0.022084595868364	-0.085211371537298
478	47.8	-0.0246611989568919	-0.083923069993034
479	47.9	-0.0233728974126279	-0.08263476844877
480	48	-0.0233728974126279	-0.0813464669045061
481	48.1	-0.0259495005011559	-0.0800581653602421
482	48.2	-0.0246611989568919	-0.0800581653602421
483	48.3	-0.0259495005011559	-0.0800581653602421
484	48.4	-0.0272378020454198	-0.0800581653602421
485	48.5	-0.0272378020454198	-0.0774815622717142
486	48.6	-0.0285261035896838	-0.0761932607274503
487	48.7	-0.0298144051339477	-0.0749049591831863
488	48.8	-0.0323910082224756	-0.0736166576389223
489	48.9	-0.0311027066782117	-0.0723283560946584
490	49	-0.0336793097667396	-0.0710400545503944
491	49.1	-0.0336793097667396	-0.0697517530061305
492	49.2	-0.0323910082224756	-0.0684634514618665
493	49.3	-0.0311027066782117	-0.0671751499176025
494	49.4	-0.0311027066782117	-0.0658868483733386
495	49.5	-0.0323910082224756	-0.0645985468290746
496	49.6	-0.0298144051339477	-0.0633102452848107
497	49.7	-0.0285261035896838	-0.0620219437405467
498	49.8	-0.0272378020454198	-0.0607336421962827
499	49.9	-0.0272378020454198	-0.0607336421962827
500	50	-0.0259495005011559	-0.0581570391077548
501	50.1	-0.0246611989568919	-0.0568687375634909
502	50.2	-0.0233728974126279	-0.0555804360192269
503	50.3	-0.0233728974126279	-0.0542921344749629
504	50.4	-0.022084595868364	-0.053003832930699
505	50.5	-0.022084595868364	-0.053003832930699
506	50.6	-0.0207962943241	-0.0504272298421711
507	50.7	-0.0207962943241	-0.0504272298421711
508	50.8	-0.0207962943241	-0.0491389282979071
509	50.9	-0.0207962943241	-0.0491389282979071
510	51	-0.0207962943241	-0.0465623252093792
511	51.1	-0.0207962943241	-0.0452740236651152
512	51.2	-0.0207962943241	-0.0439857221208513
513	51.3	-0.022084595868364	-0.0426974205765873
514	51.4	-0.0233728974126279	-0.0414091190323234
515	51.5	-0.0246611989568919	-0.0401208174880594
516	51.6	-0.0272378020454198	-0.0388325159437954
517	51.7	-0.0285261035896838	-0.0388325159437954
518	51.8	-0.0336793097667396	-0.0375442143995315
519	51.9	-0.0362559128552675	-0.0362559128552675
520	52	-0.0401208174880594	-0.0349676113110036
521	52.1	-0.0452740236651152	-0.0336793097667396
522	52.2	-0.0491389282979071	-0.0336793097667396
523	52.3	-0.0568687375634909	-0.0311027066782117
524	52.4	-0.0620219437405467	-0.0298144051339477
525	52.5	-0.0684634514618665	-0.0298144051339477
526	52.6	-0.0723283560946584	-0.0285261035896838
527	52.7	-0.0813464669045061	-0.0272378020454198
528	52.8	-0.0903645777143538	-0.0259495005011559
529	52.9	-0.0993826885242015	-0.0246611989568919
530	53	-0.108400799334049	-0.0246611989568919
531	53.1	-0.117418910143897	-0.0233728974126279
532	53.2	-0.126437020953745	-0.022084595868364
533	53.3	-0.136743433307856	-0.0207962943241
534	53.4	-0.15091475029476	-0.0195079927798361
535	53.5	-0.154779654927552	-0.0182196912355721
536	53.6	-0.159932861104608	-0.0182196912355721
537	53.7	-0.171527575002983	-0.0156430881470442
538	53.8	-0.180545685812831	-0.0156430881470442
539	53.9	-0.190852098166943	-0.0143547866027802
540	54	-0.196005304343998	-0.0130664850585163
541	54.1	-0.202446812065318	-0.0130664850585163
542	54.2	-0.208888319786638	-0.0117781835142523
543	54.3	-0.214041525963694	-0.0104898819699883
544	54.4	-0.220483033685014	-0.00920158042572439
545	54.5	-0.228212842950597	-0.00791327888146043
546	54.6	-0.232077747583389	-0.00662497733719647
547	54.7	-0.237230953760445	-0.00533667579293251
548	54.8	-0.235942652216181	-0.00533667579293251
549	54.9	-0.239807556848973	-0.00404837424866855
550	55	-0.242384159937501	-0.00404837424866855
551	55.1	-0.246249064570293	-0.00276007270440459
552	55.2	-0.244960763026029	-0.00147177116014063
553	55.3	-0.243672461481765	-0.00147177116014063
554	55.4	-0.243672461481765	-0.00147177116014063
555	55.5	-0.243672461481765	-0.000183469615876675
556	55.6	-0.242384159937501	0.00110483192838728
557	55.7	-0.242384159937501	0.00110483192838728
558	55.8	-0.243672461481765	0.00239313347265124
559	55.9	-0.243672461481765	0.0036814350169152
560	56	-0.239807556848973	0.0036814350169152
561	56.1	-0.235942652216181	0.0036814350169152
562	56.2	-0.234654350671917	0.00496973656117916
563	56.3	-0.230789446039125	0.00625803810544312
564	56.4	-0.230789446039125	0.00754633964970708
565	56.5	-0.224347938317806	0.00754633964970708
566	56.6	-0.215329827507958	0.00883464119397104
567	56.7	-0.207600018242374	0.010122942738235
568	56.8	-0.201158510521054	0.011411244282499
569	56.9	-0.193428701255471	0.0126995458267629
570	57	-0.184410590445623	0.0139878473710269
571	57.1	-0.176680781180039	0.0139878473710269
572	57.2	-0.170239273458719	0.0152761489152908
573	57.3	-0.161221162648872	0.0165644504595548
574	57.4	-0.154779654927552	0.0178527520038188
575	57.5	-0.14447324257344	0.0191410535480827
576	57.6	-0.13803173485212	0.0191410535480827
577	57.7	-0.1315902271308	0.0204293550923467
578	57.8	-0.126437020953745	0.0204293550923467
579	57.9	-0.122572116320953	0.0217176566366106
580	58	-0.108400799334049	0.0230059581808746
581	58.1	-0.0993826885242015	0.0242942597251385
582	58.2	-0.0916528792586178	0.0255825612694025
583	58.3	-0.0813464669045061	0.0268708628136665
584	58.4	-0.0723283560946584	0.0281591643579304
585	58.5	-0.0645985468290746	0.0294474659021944
586	58.6	-0.0542921344749629	0.0307357674464583
587	58.7	-0.0542921344749629	0.0307357674464583
588	58.8	-0.0504272298421711	0.0320240689907223
589	58.9	-0.0452740236651152	0.0320240689907223
590	59	-0.0414091190323234	0.0333123705349863
591	59.1	-0.0401208174880594	0.0346006720792502
592	59.2	-0.0375442143995315	0.0358889736235142
593	59.3	-0.0349676113110036	0.0358889736235142
594	59.4	-0.0323910082224756	0.0358889736235142
595	59.5	-0.0311027066782117	0.0371772751677781
596	59.6	-0.0285261035896838	0.0384655767120421
597	59.7	-0.0246611989568919	0.0397538782563061
598	59.8	-0.0233728974126279	0.0397538782563061
599	59.9	-0.0207962943241	0.04104217980057
600	60	-0.0207962943241	0.0436187828890979
601	60.1	-0.0195079927798361	0.0449070844333619
602	60.2	-0.0207962943241	0.0461953859776258
603	60.3	-0.022084595868364	0.0461953859776258
604	60.4	-0.022084595868364	0.0474836875218898
605	60.5	-0.022084595868364	0.0487719890661538
606	60.6	-0.022084595868364	0.0500602906104177
607	60.7	-0.022084595868364	0.0500602906104177
608	60.8	-0.0233728974126279	0.0513485921546817
609	60.9	-0.0246611989568919	0.0526368936989456
610	61	-0.0233728974126279	0.0526368936989456
611	61.1	-0.0246611989568919	0.0526368936989456
612	61.2	-0.0246611989568919	0.0552134967874736
613	61.3	-0.0259495005011559	0.0552134967874736
614	61.4	-0.0246611989568919	0.0565017983317375
615	61.5	-0.0272378020454198	0.0590784014202654
616	61.6	-0.0285261035896838	0.0603667029645294
617	61.7	-0.0272378020454198	0.0616550045087934
618	61.8	-0.0272378020454198	0.0616550045087934
619	61.9	-0.0285261035896838	0.0629433060530573
620	62	-0.0298144051339477	0.0642316075973213
621	62.1	-0.0272378020454198	0.0642316075973213
622	62.2	-0.0298144051339477	0.0668082106858492
623	62.3	-0.0285261035896838	0.0668082106858492
624	62.4	-0.0285261035896838	0.0680965122301131
625	62.5	-0.0298144051339477	0.0680965122301131
626	62.6	-0.0298144051339477	0.0693848137743771
627	62.7	-0.0298144051339477	0.0706731153186411
628	62.8	-0.0285261035896838	0.0706731153186411
629	62.9	-0.0298144051339477	0.071961416862905
630	63	-0.0285261035896838	0.073249718407169
631	63.1	-0.0298144051339477	0.073249718407169
632	63.2	-0.0285261035896838	0.0745380199514329
633	63.3	-0.0272378020454198	0.0758263214956969
634	63.4	-0.0272378020454198	0.0771146230399609
635	63.5	-0.0259495005011559	0.0784029245842248
636	63.6	-0.0259495005011559	0.0784029245842248
637	63.7	-0.0246611989568919	0.0796912261284888
638	63.8	-0.0246611989568919	0.0809795276727527
639	63.9	-0.022084595868364	0.0822678292170167
640	64	-0.022084595868364	0.0835561307612807
641	64.1	-0.022084595868364	0.0835561307612807
642	64.2	-0.022084595868364	0.0848444323055446
643	64.3	-0.022084595868364	0.0861327338498086
644	64.4	-0.0207962943241	0.0861327338498086
645	64.5	-0.0207962943241	0.0874210353940725
646	64.6	-0.022084595868364	0.0887093369383365
647	64.7	-0.0195079927798361	0.0899976384826005
648	64.8	-0.0207962943241	0.0899976384826005
649	64.9	-0.0207962943241	0.0912859400268644
650	65	-0.0207962943241	0.0925742415711284
651	65.1	-0.0195079927798361	0.0938625431153923
652	65.2	-0.0207962943241	0.0938625431153923
653	65.3	-0.0207962943241	0.0951508446596563
654	65.4	-0.0207962943241	0.0964391462039202
655	65.5	-0.0207962943241	0.0977274477481842
656	65.6	-0.0207962943241	0.0977274477481842
657	65.7	-0.022084595868364	0.0990157492924482
658	65.8	-0.022084595868364	0.100304050836712
659	65.9	-0.022084595868364	0.100304050836712
660	66	-0.0233728974126279	0.101592352380976
661	66.1	-0.022084595868364	0.10288065392524
662	66.2	-0.0233728974126279	0.104168955469504
663	66.3	-0.0233728974126279	0.105457257013768
664	66.4	-0.0233728974126279	0.105457257013768
665	66.5	-0.0233728974126279	0.106745558558032
666	66.6	-0.0233728974126279	0.108033860102296
667	66.7	-0.0233728974126279	0.108033860102296
668	66.8	-0.0246611989568919	0.10932216164656
669	66.9	-0.0233728974126279	0.110610463190824
670	67	-0.0246611989568919	0.111898764735088
671	67.1	-0.0233728974126279	0.111898764735088
672	67.2	-0.022084595868364	0.113187066279352
673	67.3	-0.0233728974126279	0.114475367823616
674	67.4	-0.0246611989568919	0.11576366936788
675	67.5	-0.0233728974126279	0.11576366936788
676	67.6	-0.0233728974126279	0.117051970912144
677	67.7	-0.0233728974126279	0.117051970912144
678	67.8	-0.0233728974126279	0.118340272456408
679	67.9	-0.0246611989568919	0.119628574000672
680	68	-0.0233728974126279	0.120916875544935
681	68.1	-0.0233728974126279	0.122205177089199
682	68.2	-0.022084595868364	0.123493478633463
683	68.3	-0.0246611989568919	0.124781780177727
684	68.4	-0.0233728974126279	0.124781780177727
685	68.5	-0.0233728974126279	0.126070081721991
686	68.6	-0.0233728974126279	0.127358383266255
687	68.7	-0.0233728974126279	0.128646684810519
688	68.8	-0.022084595868364	0.128646684810519
689	68.9	-0.0233728974126279	0.129934986354783
690	69	-0.022084595868364	0.131223287899047
691	69.1	-0.0233728974126279	0.132511589443311
692	69.2	-0.0207962943241	0.132511589443311
693	69.3	-0.022084595868364	0.133799890987575
694	69.4	-0.022084595868364	0.135088192531839
695	69.5	-0.022084595868364	0.136376494076103
696	69.6	-0.022084595868364	0.136376494076103
697	69.7	-0.0233728974126279	0.137664795620367
698	69.8	-0.022084595868364	0.138953097164631
699	69.9	-0.022084595868364	0.141529700253159
700	70	-0.0233728974126279	0.141529700253159
701	70.1	-0.0233728974126279	0.142818001797423
702	70.2	-0.0233728974126279	0.144106303341687
703	70.3	-0.0233728974126279	0.145394604885951
704	70.4	-0.0246611989568919	0.145394604885951
705	70.5	-0.022084595868364	0.146682906430215
706	70.6	-0.022084595868364	0.147971207974479
707	70.7	-0.0246611989568919	0.149259509518743
708	70.8	-0.0233728974126279	0.150547811063007
709	70.9	-0.0233728974126279	0.15183611260727
710	71	-0.0233728974126279	0.153124414151534
711	71.1	-0.0246611989568919	0.154412715695798
712	71.2	-0.0233728974126279	0.155701017240062
713	71.3	-0.0246611989568919	0.15827762032859
714	71.4	-0.0233728974126279	0.159565921872854
715	71.5	-0.0233728974126279	0.160854223417118
716	71.6	-0.0259495005011559	0.162142524961382
717	71.7	-0.0233728974126279	0.163430826505646
718	71.8	-0.0246611989568919	0.163430826505646
719	71.9	-0.0246611989568919	0.166007429594174
720	72	-0.0246611989568919	0.166007429594174
721	72.1	-0.0233728974126279	0.167295731138438
722	72.2	-0.0233728974126279	0.168584032682702
723	72.3	-0.0246611989568919	0.169872334226966
724	72.4	-0.0233728974126279	0.17116063577123
725	72.5	-0.0246611989568919	0.172448937315494
726	72.6	-0.0233728974126279	0.173737238859758
727	72.7	-0.0233728974126279	0.173737238859758
728	72.8	-0.0246611989568919	0.175025540404022
729	72.9	-0.0233728974126279	0.176313841948286
730	73	-0.0246611989568919	0.17760214349255
731	73.1	-0.022084595868364	0.176313841948286
732	73.2	-0.0233728974126279	0.17760214349255
733	73.3	-0.0233728974126279	0.178890445036814
734	73.4	-0.022084595868364	0.180178746581078
735	73.5	-0.0233728974126279	0.181467048125342
736	73.6	-0.022084595868364	0.182755349669605
737	73.7	-0.022084595868364	0.184043651213869
738	73.8	-0.0246611989568919	0.185331952758133
739	73.9	-0.0233728974126279	0.186620254302397
740	74	-0.0233728974126279	0.186620254302397
741	74.1	-0.022084595868364	0.187908555846661
742	74.2	-0.0233728974126279	0.187908555846661
743	74.3	-0.0233728974126279	0.190485158935189
744	74.4	-0.0233728974126279	0.191773460479453
745	74.5	-0.0233728974126279	0.193061762023717
746	74.6	-0.0233728974126279	0.193061762023717
747	74.7	-0.0233728974126279	0.194350063567981
748	74.8	-0.0246611989568919	0.195638365112245
749	74.9	-0.0233728974126279	0.196926666656509
750	75	-0.0233728974126279	0.198214968200773
751	75.1	-0.0233728974126279	0.199503269745037
752	75.2	-0.0233728974126279	0.200791571289301
753	75.3	-0.0233728974126279	0.203368174377829
754	75.4	-0.022084595868364	0.203368174377829
755	75.5	-0.0233728974126279	0.204656475922093
756	75.6	-0.0233728974126279	0.207233079010621
757	75.7	-0.0246611989568919	0.207233079010621
758	75.8	-0.0233728974126279	0.208521380554885
759	75.9	-0.0246611989568919	0.209809682099149
760	76	-0.0246611989568919	0.211097983643413
761	76.1	-0.0246611989568919	0.211097983643413
762	76.2	-0.0233728974126279	0.213674586731941
763	76.3	-0.0233728974126279	0.214962888276204
764	76.4	-0.0233728974126279	0.216251189820468
765	76.5	-0.0233728974126279	0.216251189820468
766	76.6	-0.0233728974126279	0.217539491364732
767	76.7	-0.0233728974126279	0.217539491364732
768	76.8	-0.0233728974126279	0.22011609445326
769	76.9	-0.0233728974126279	0.221404395997524
770	77	-0.0233728974126279	0.222692697541788
771	77.1	-0.0246611989568919	0.222692697541788
772	77.2	-0.0233728974126279	0.225269300630316
773	77.3	-0.0233728974126279	0.225269300630316
774	77.4	-0.0233728974126279	0.22655760217458
775	77.5	-0.0246611989568919	0.227845903718844
776	77.6	-0.022084595868364	0.229134205263108
777	77.7	-0.0246611989568919	0.230422506807372
778	77.8	-0.022084595868364	0.231710808351636
779	77.9	-0.0233728974126279	0.2329991098959
780	78	-0.0233728974126279	0.234287411440164
781	78.1	-0.0246611989568919	0.234287411440164
782	78.2	-0.0233728974126279	0.236864014528692
783	78.3	-0.0246611989568919	0.236864014528692
784	78.4	-0.0233728974126279	0.238152316072956
785	78.5	-0.022084595868364	0.23944061761722
786	78.6	-0.0233728974126279	0.240728919161484
787	78.7	-0.0246611989568919	0.240728919161484
788	78.8	-0.022084595868364	0.243305522250012
789	78.9	-0.0246611989568919	0.243305522250012
790	79	-0.022084595868364	0.244593823794276
791	79.1	-0.0233728974126279	0.245882125338539
792	79.2	-0.0246611989568919	0.247170426882803
793	79.3	-0.0233728974126279	0.248458728427067
794	79.4	-0.0233728974126279	0.249747029971331
795	79.5	-0.0233728974126279	0.251035331515595
796	79.6	-0.0246611989568919	0.252323633059859
797	79.7	-0.0246611989568919	0.252323633059859
798	79.8	-0.0246611989568919	0.254900236148387
799	79.9	-0.0246611989568919	0.256188537692651
800	80	-0.0233728974126279	0.256188537692651
801	80.1	-0.022084595868364	0.258765140781179
802	80.2	-0.0246611989568919	0.258765140781179
803	80.3	-0.0233728974126279	0.260053442325443
804	80.4	-0.0246611989568919	0.261341743869707
805	80.5	-0.0233728974126279	0.262630045413971
806	80.6	-0.0246611989568919	0.262630045413971
807	80.7	-0.0233728974126279	0.265206648502499
808	80.8	-0.0246611989568919	0.266494950046763
809	80.9	-0.0233728974126279	0.269071553135291
810	81	-0.0246611989568919	0.269071553135291
811	81.1	-0.022084595868364	0.270359854679555
812	81.2	-0.0246611989568919	0.270359854679555
813	81.3	-0.0233728974126279	0.271648156223819
814	81.4	-0.0233728974126279	0.271648156223819
815	81.5	-0.0233728974126279	0.272936457768083
816	81.6	-0.0246611989568919	0.274224759312347
817	81.7	-0.0233728974126279	0.275513060856611
818	81.8	-0.0246611989568919	0.276801362400874
819	81.9	-0.0233728974126279	0.276801362400874
820	82	-0.022084595868364	0.278089663945138
821	82.1	-0.0246611989568919	0.280666267033666
822	82.2	-0.0233728974126279	0.28195456857793
823	82.3	-0.0246611989568919	0.283242870122194
824	82.4	-0.0233728974126279	0.284531171666458
825	82.5	-0.0233728974126279	0.285819473210722
826	82.6	-0.0233728974126279	0.287107774754986
827	82.7	-0.0246611989568919	0.287107774754986
828	82.8	-0.0233728974126279	0.28839607629925
829	82.9	-0.0246611989568919	0.289684377843514
830	83	-0.0233728974126279	0.290972679387778
831	83.1	-0.0246611989568919	0.290972679387778
832	83.2	-0.022084595868364	0.292260980932042
833	83.3	-0.0246611989568919	0.29483758402057
834	83.4	-0.022084595868364	0.296125885564834
835	83.5	-0.0246611989568919	0.297414187109098
836	83.6	-0.0233728974126279	0.298702488653362
837	83.7	-0.0233728974126279	0.30127909174189
838	83.8	-0.0233728974126279	0.302567393286154
839	83.9	-0.0233728974126279	0.303855694830418
840	84	-0.0246611989568919	0.305143996374682
841	84.1	-0.0233728974126279	0.305143996374682
842	84.2	-0.0246611989568919	0.306432297918946
843	84.3	-0.0246611989568919	0.30772059946321
844	84.4	-0.0246611989568919	0.309008901007473
845	84.5	-0.0233728974126279	0.310297202551737
846	84.6	-0.0246611989568919	0.312873805640265
847	84.7	-0.0233728974126279	0.312873805640265
848	84.8	-0.0233728974126279	0.315450408728793
849	84.9	-0.0233728974126279	0.316738710273057
850	85	-0.0246611989568919	0.316738710273057
851	85.1	-0.0233728974126279	0.319315313361585
852	85.2	-0.0246611989568919	0.320603614905849
853	85.3	-0.0233728974126279	0.321891916450113
854	85.4	-0.0233728974126279	0.323180217994377
855	85.5	-0.0233728974126279	0.323180217994377
856	85.6	-0.022084595868364	0.325756821082905
857	85.7	-0.0246611989568919	0.325756821082905
858	85.8	-0.0233728974126279	0.328333424171433
859	85.9	-0.0233728974126279	0.328333424171433
860	86	-0.022084595868364	0.330910027259961
861	86.1	-0.0233728974126279	0.332198328804225
862	86.2	-0.0233728974126279	0.333486630348489
863	86.3	-0.0233728974126279	0.333486630348489
864	86.4	-0.0233728974126279	0.336063233437017
865	86.5	-0.0233728974126279	0.337351534981281
866	86.6	-0.022084595868364	0.338639836525545
867	86.7	-0.0233728974126279	0.339928138069808
868	86.8	-0.022084595868364	0.339928138069808
869	86.9	-0.022084595868364	0.341216439614072
870	87	-0.0233728974126279	0.342504741158336
871	87.1	-0.022084595868364	0.3437930427026
872	87.2	-0.0233728974126279	0.345081344246864
873	87.3	-0.0233728974126279	0.346369645791128
874	87.4	-0.0233728974126279	0.348946248879656
875	87.5	-0.0233728974126279	0.35023455042392
876	87.6	-0.0233728974126279	0.35023455042392
877	87.7	-0.0233728974126279	0.352811153512448
878	87.8	-0.022084595868364	0.352811153512448
879	87.9	-0.0233728974126279	0.354099455056712
880	88	-0.022084595868364	0.355387756600976
881	88.1	-0.022084595868364	0.35667605814524
882	88.2	-0.022084595868364	0.357964359689504
883	88.3	-0.0233728974126279	0.359252661233768
884	88.4	-0.0233728974126279	0.360540962778032
885	88.5	-0.0233728974126279	0.360540962778032
886	88.6	-0.0233728974126279	0.361829264322296
887	88.7	-0.0233728974126279	0.36311756586656
888	88.8	-0.0233728974126279	0.364405867410824
889	88.9	-0.0233728974126279	0.365694168955088
890	89	-0.0233728974126279	0.366982470499352
891	89.1	-0.0233728974126279	0.36955907358788
892	89.2	-0.0233728974126279	0.36955907358788
893	89.3	-0.0233728974126279	0.370847375132143
894	89.4	-0.0233728974126279	0.372135676676407
895	89.5	-0.022084595868364	0.373423978220671
896	89.6	-0.0233728974126279	0.374712279764935
897	89.7	-0.0246611989568919	0.376000581309199
898	89.8	-0.022084595868364	0.377288882853463
899	89.9	-0.022084595868364	0.377288882853463
900	90	-0.0233728974126279	0.379865485941991
901	90.1	-0.0233728974126279	0.379865485941991
902	90.2	-0.022084595868364	0.381153787486255
903	90.3	-0.0233728974126279	0.382442089030519
904	90.4	-0.022084595868364	0.383730390574783
905	90.5	-0.022084595868364	0.385018692119047
906	90.6	-0.022084595868364	0.386306993663311
907	90.7	-0.022084595868364	0.387595295207575
908	90.8	-0.022084595868364	0.390171898296103
909	90.9	-0.0233728974126279	0.390171898296103
910	91	-0.022084595868364	0.392748501384631
911	91.1	-0.0233728974126279	0.392748501384631
912	91.2	-0.0233728974126279	0.394036802928895
913	91.3	-0.0207962943241	0.395325104473159
914	91.4	-0.022084595868364	0.397901707561687
915	91.5	-0.022084595868364	0.397901707561687
916	91.6	-0.022084595868364	0.399190009105951
917	91.7	-0.022084595868364	0.400478310650215
918	91.8	-0.0207962943241	0.401766612194479
919	91.9	-0.0233728974126279	0.403054913738742
920	92	-0.022084595868364	0.404343215283006
921	92.1	-0.022084595868364	0.404343215283006
922	92.2	-0.0207962943241	0.40563151682727
923	92.3	-0.022084595868364	0.406919818371534
924	92.4	-0.022084595868364	0.408208119915798
925	92.5	-0.022084595868364	0.409496421460062
926	92.6	-0.022084595868364	0.410784723004326
927	92.7	-0.0207962943241	0.410784723004326
928	92.8	-0.0233728974126279	0.413361326092854
929	92.9	-0.0207962943241	0.415937929181382
930	93	-0.022084595868364	0.417226230725646
931	93.1	-0.022084595868364	0.41851453226991
932	93.2	-0.022084595868364	0.419802833814174
933	93.3	-0.022084595868364	0.419802833814174
934	93.4	-0.022084595868364	0.419802833814174
935	93.5	-0.022084595868364	0.421091135358438
936	93.6	-0.022084595868364	0.423667738446966
937	93.7	-0.022084595868364	0.423667738446966
938	93.8	-0.0207962943241	0.42495603999123
939	93.9	-0.022084595868364	0.426244341535494
940	94	-0.0207962943241	0.427532643079758
941	94.1	-0.022084595868364	0.428820944624022
942	94.2	-0.022084595868364	0.428820944624022
943	94.3	-0.0207962943241	0.43139754771255
944	94.4	-0.0207962943241	0.432685849256814
945	94.5	-0.022084595868364	0.435262452345341
946	94.6	-0.0207962943241	0.436550753889605
947	94.7	-0.0207962943241	0.437839055433869
948	94.8	-0.0207962943241	0.439127356978133
949	94.9	-0.0207962943241	0.440415658522397
950	95	-0.0207962943241	0.441703960066661
951	95.1	-0.0195079927798361	0.442992261610925
952	95.2	-0.0207962943241	0.444280563155189
953	95.3	-0.0207962943241	0.444280563155189
954	95.4	-0.0207962943241	0.445568864699453
955	95.5	-0.0207962943241	0.446857166243717
956	95.6	-0.0207962943241	0.448145467787981
957	95.7	-0.0207962943241	0.449433769332245
958	95.8	-0.0207962943241	0.449433769332245
959	95.9	-0.0207962943241	0.452010372420773
960	96	-0.0195079927798361	0.453298673965037
961	96.1	-0.022084595868364	0.455875277053565
962	96.2	-0.0207962943241	0.457163578597829
963	96.3	-0.0207962943241	0.458451880142093
964	96.4	-0.0207962943241	0.459740181686357
965	96.5	-0.0207962943241	0.459740181686357
966	96.6	-0.0207962943241	0.461028483230621
967	96.7	-0.0207962943241	0.462316784774885
968	96.8	-0.0207962943241	0.463605086319149
969	96.9	-0.0207962943241	0.466181689407676
970	97	-0.0207962943241	0.46746999095194
971	97.1	-0.022084595868364	0.468758292496204
972	97.2	-0.0207962943241	0.471334895584732
973	97.3	-0.022084595868364	0.472623197128996
974	97.4	-0.0207962943241	0.47391149867326
975	97.5	-0.022084595868364	0.475199800217524
976	97.6	-0.0207962943241	0.477776403306052
977	97.7	-0.0207962943241	0.479064704850316
978	97.8	-0.0195079927798361	0.48035300639458
979	97.9	-0.022084595868364	0.48035300639458
980	98	-0.0195079927798361	0.481641307938844
981	98.1	-0.0207962943241	0.482929609483108
982	98.2	-0.022084595868364	0.485506212571636
983	98.3	-0.0207962943241	0.485506212571636
984	98.4	-0.0207962943241	0.4867945141159
985	98.5	-0.0207962943241	0.488082815660164
986	98.6	-0.022084595868364	0.490659418748692
987	98.7	-0.0207962943241	0.490659418748692
988	98.8	-0.0207962943241	0.491947720292956
989	98.9	-0.0207962943241	0.494524323381484
990	99	-0.022084595868364	0.495812624925748
991	99.1	-0.0207962943241	0.495812624925748
992	99.2	-0.0195079927798361	0.498389228014275
993	99.3	-0.0207962943241	0.499677529558539
994	99.4	-0.0207962943241	0.500965831102803
995	99.5	-0.0207962943241	0.500965831102803
996	99.6	-0.0195079927798361	0.503542434191331
997	99.7	-0.022084595868364	0.504830735735595
998	99.8	-0.0207962943241	0.506119037279859
999	99.9	-0.022084595868364	0.507407338824123
1000	100	-0.0207962943241	0.507407338824123
1001	100.1	-0.022084595868364	0.509983941912651
1002	100.2	-0.0207962943241	0.509983941912651
1003	100.3	-0.022084595868364	0.512560545001179
1004	100.4	-0.0207962943241	0.513848846545443
1005	100.5	-0.022084595868364	0.515137148089707
1006	100.6	-0.022084595868364	0.516425449633971
1007	100.7	-0.0207962943241	0.517713751178235
1008	100.8	-0.022084595868364	0.517713751178235
1009	100.9	-0.0207962943241	0.519002052722499
1010	101	-0.0233728974126279	0.520290354266763
1011	101.1	-0.022084595868364	0.521578655811027
1012	101.2	-0.022084595868364	0.522866957355291
1013	101.3	-0.022084595868364	0.525443560443819
1014	101.4	-0.0207962943241	0.526731861988083
1015	101.5	-0.0233728974126279	0.526731861988083
1016	101.6	-0.022084595868364	0.52930846507661
1017	101.7	-0.0233728974126279	0.530596766620874
1018	101.8	-0.022084595868364	0.530596766620874
1019	101.9	-0.0233728974126279	0.531885068165138
1020	102	-0.022084595868364	0.533173369709402
1021	102.1	-0.0233728974126279	0.534461671253666
1022	102.2	-0.0207962943241	0.534461671253666
1023	102.3	-0.0233728974126279	0.53574997279793
1024	102.4	-0.022084595868364	0.537038274342194
1025	102.5	-0.0233728974126279	0.539614877430722
1026	102.6	-0.0233728974126279	0.540903178974986
1027	102.7	-0.022084595868364	0.543479782063514
1028	102.8	-0.0233728974126279	0.543479782063514
1029	102.9	-0.0233728974126279	0.546056385152042
1030	103	-0.0233728974126279	0.547344686696306
1031	103.1	-0.0233728974126279	0.54863298824057
1032	103.2	-0.0233728974126279	0.549921289784834
1033	103.3	-0.0233728974126279	0.551209591329098
1034	103.4	-0.0233728974126279	0.551209591329098
1035	103.5	-0.0233728974126279	0.552497892873362
1036	103.6	-0.0233728974126279	0.553786194417626
1037	103.7	-0.0246611989568919	0.55507449596189
1038	103.8	-0.0233728974126279	0.556362797506154
1039	103.9	-0.0233728974126279	0.558939400594682
1040	104	-0.0233728974126279	0.560227702138945
1041	104.1	-0.0233728974126279	0.561516003683209
1042	104.2	-0.0233728974126279	0.562804305227473
1043	104.3	-0.0233728974126279	0.564092606771737
1044	104.4	-0.0233728974126279	0.565380908316001
1045	104.5	-0.0233728974126279	0.567957511404529
1046	104.6	-0.0246611989568919	0.569245812948793
1047	104.7	-0.022084595868364	0.570534114493057
1048	104.8	-0.0233728974126279	0.571822416037321
1049	104.9	-0.022084595868364	0.573110717581585
1050	105	-0.0233728974126279	0.575687320670113
1051	105.1	-0.0233728974126279	0.576975622214377
1052	105.2	-0.0246611989568919	0.578263923758641
1053	105.3	-0.0233728974126279	0.579552225302905
1054	105.4	-0.0233728974126279	0.580840526847169
1055	105.5	-0.0246611989568919	0.582128828391433
1056	105.6	-0.0233728974126279	0.583417129935697
1057	105.7	-0.0246611989568919	0.584705431479961
1058	105.8	-0.0246611989568919	0.585993733024225
1059	105.9	-0.0233728974126279	0.585993733024225
1060	106	-0.0246611989568919	0.587282034568489
1061	106.1	-0.0246611989568919	0.588570336112753
1062	106.2	-0.0246611989568919	0.589858637657017
1063	106.3	-0.0233728974126279	0.59114693920128
1064	106.4	-0.0233728974126279	0.593723542289808
1065	106.5	-0.0246611989568919	0.595011843834072
1066	106.6	-0.0246611989568919	0.5975884469226
1067	106.7	-0.0246611989568919	0.598876748466864
1068	106.8	-0.0246611989568919	0.600165050011128
1069	106.9	-0.0233728974126279	0.601453351555392
1070	107	-0.0246611989568919	0.602741653099656
1071	107.1	-0.0233728974126279	0.60402995464392
1072	107.2	-0.0246611989568919	0.605318256188184
1073	107.3	-0.0233728974126279	0.606606557732448
1074	107.4	-0.0246611989568919	0.606606557732448
