Number of measurement points: 1951
Sample Rate (Hz): 10
Low limit Ch0 (V): -10
Upper limit Ch0 (V): 10
Low limit Ch1 (V): -10
Upper limit Ch1 (V): 10

Index	Time[s]	Ch0[V]	Ch1[V]
0	0	-0.0401208174880594	-0.47299013636075
1	0.1	-0.0182196912355721	-0.471701834816486
2	0.2	-0.0182196912355721	-0.47299013636075
3	0.3	-0.0182196912355721	-0.47299013636075
4	0.4	-0.0182196912355721	-0.471701834816486
5	0.5	-0.0182196912355721	-0.47299013636075
6	0.6	-0.0182196912355721	-0.47299013636075
7	0.7	-0.0182196912355721	-0.47299013636075
8	0.8	-0.0182196912355721	-0.47299013636075
9	0.9	-0.0182196912355721	-0.47299013636075
10	1	-0.0182196912355721	-0.471701834816486
11	1.1	-0.0182196912355721	-0.47299013636075
12	1.2	-0.0182196912355721	-0.471701834816486
13	1.3	-0.0169313896913081	-0.471701834816486
14	1.4	-0.0169313896913081	-0.47299013636075
15	1.5	-0.0169313896913081	-0.47299013636075
16	1.6	-0.0182196912355721	-0.47299013636075
17	1.7	-0.0195079927798361	-0.47299013636075
18	1.8	-0.0169313896913081	-0.471701834816486
19	1.9	-0.0169313896913081	-0.471701834816486
20	2	-0.0182196912355721	-0.471701834816486
21	2.1	-0.0169313896913081	-0.470413533272222
22	2.2	-0.0182196912355721	-0.469125231727958
23	2.3	-0.0195079927798361	-0.469125231727958
24	2.4	-0.0182196912355721	-0.467836930183694
25	2.5	-0.0182196912355721	-0.467836930183694
26	2.6	-0.0182196912355721	-0.467836930183694
27	2.7	-0.0195079927798361	-0.46654862863943
28	2.8	-0.0182196912355721	-0.467836930183694
29	2.9	-0.0207962943241	-0.46654862863943
30	3	-0.0182196912355721	-0.465260327095166
31	3.1	-0.0182196912355721	-0.465260327095166
32	3.2	-0.0182196912355721	-0.463972025550902
33	3.3	-0.0195079927798361	-0.463972025550902
34	3.4	-0.0195079927798361	-0.463972025550902
35	3.5	-0.0195079927798361	-0.462683724006638
36	3.6	-0.0195079927798361	-0.461395422462374
37	3.7	-0.0182196912355721	-0.461395422462374
38	3.8	-0.0195079927798361	-0.46010712091811
39	3.9	-0.0169313896913081	-0.46010712091811
40	4	-0.0169313896913081	-0.458818819373846
41	4.1	-0.0169313896913081	-0.458818819373846
42	4.2	-0.0169313896913081	-0.457530517829582
43	4.3	-0.0182196912355721	-0.457530517829582
44	4.4	-0.0195079927798361	-0.457530517829582
45	4.5	-0.0182196912355721	-0.456242216285318
46	4.6	-0.0195079927798361	-0.456242216285318
47	4.7	-0.0195079927798361	-0.454953914741054
48	4.8	-0.0195079927798361	-0.454953914741054
49	4.9	-0.0195079927798361	-0.454953914741054
50	5	-0.0195079927798361	-0.454953914741054
51	5.1	-0.0195079927798361	-0.45366561319679
52	5.2	-0.0182196912355721	-0.452377311652526
53	5.3	-0.0195079927798361	-0.452377311652526
54	5.4	-0.0182196912355721	-0.451089010108262
55	5.5	-0.0169313896913081	-0.451089010108262
56	5.6	-0.0182196912355721	-0.451089010108262
57	5.7	-0.0182196912355721	-0.449800708563998
58	5.8	-0.0169313896913081	-0.449800708563998
59	5.9	-0.0182196912355721	-0.448512407019734
60	6	-0.0182196912355721	-0.448512407019734
61	6.1	-0.0182196912355721	-0.448512407019734
62	6.2	-0.0182196912355721	-0.448512407019734
63	6.3	-0.0169313896913081	-0.44722410547547
64	6.4	-0.0169313896913081	-0.44722410547547
65	6.5	-0.0169313896913081	-0.445935803931206
66	6.6	-0.0169313896913081	-0.444647502386943
67	6.7	-0.0182196912355721	-0.443359200842679
68	6.8	-0.0182196912355721	-0.443359200842679
69	6.9	-0.0169313896913081	-0.443359200842679
70	7	-0.0169313896913081	-0.442070899298415
71	7.1	-0.0169313896913081	-0.442070899298415
72	7.2	-0.0182196912355721	-0.442070899298415
73	7.3	-0.0182196912355721	-0.442070899298415
74	7.4	-0.0169313896913081	-0.440782597754151
75	7.5	-0.0169313896913081	-0.440782597754151
76	7.6	-0.0169313896913081	-0.439494296209887
77	7.7	-0.0169313896913081	-0.439494296209887
78	7.8	-0.0169313896913081	-0.438205994665623
79	7.9	-0.0169313896913081	-0.438205994665623
80	8	-0.0169313896913081	-0.438205994665623
81	8.1	-0.0182196912355721	-0.436917693121359
82	8.2	-0.0182196912355721	-0.436917693121359
83	8.3	-0.0169313896913081	-0.435629391577095
84	8.4	-0.0169313896913081	-0.435629391577095
85	8.5	-0.0182196912355721	-0.435629391577095
86	8.6	-0.0169313896913081	-0.434341090032831
87	8.7	-0.0169313896913081	-0.434341090032831
88	8.8	-0.0169313896913081	-0.433052788488567
89	8.9	-0.0182196912355721	-0.433052788488567
90	9	-0.0182196912355721	-0.433052788488567
91	9.1	-0.0169313896913081	-0.431764486944303
92	9.2	-0.0169313896913081	-0.430476185400039
93	9.3	-0.0169313896913081	-0.430476185400039
94	9.4	-0.0169313896913081	-0.430476185400039
95	9.5	-0.0169313896913081	-0.429187883855775
96	9.6	-0.0169313896913081	-0.429187883855775
97	9.7	-0.0169313896913081	-0.427899582311511
98	9.8	-0.0182196912355721	-0.427899582311511
99	9.9	-0.0182196912355721	-0.426611280767247
100	10	-0.0195079927798361	-0.426611280767247
101	10.1	-0.0195079927798361	-0.425322979222983
102	10.2	-0.0195079927798361	-0.422746376134455
103	10.3	-0.0182196912355721	-0.422746376134455
104	10.4	-0.0169313896913081	-0.422746376134455
105	10.5	-0.0169313896913081	-0.420169773045927
106	10.6	-0.0169313896913081	-0.420169773045927
107	10.7	-0.0182196912355721	-0.418881471501663
108	10.8	-0.0182196912355721	-0.417593169957399
109	10.9	-0.0169313896913081	-0.417593169957399
110	11	-0.0156430881470442	-0.417593169957399
111	11.1	-0.0169313896913081	-0.416304868413135
112	11.2	-0.0169313896913081	-0.416304868413135
113	11.3	-0.0182196912355721	-0.416304868413135
114	11.4	-0.0182196912355721	-0.415016566868871
115	11.5	-0.0169313896913081	-0.415016566868871
116	11.6	-0.0169313896913081	-0.413728265324607
117	11.7	-0.0169313896913081	-0.413728265324607
118	11.8	-0.0156430881470442	-0.413728265324607
119	11.9	-0.0156430881470442	-0.412439963780344
120	12	-0.0169313896913081	-0.41115166223608
121	12.1	-0.0169313896913081	-0.41115166223608
122	12.2	-0.0156430881470442	-0.409863360691816
123	12.3	-0.0169313896913081	-0.409863360691816
124	12.4	-0.0169313896913081	-0.408575059147552
125	12.5	-0.0169313896913081	-0.408575059147552
126	12.6	-0.0182196912355721	-0.407286757603288
127	12.7	-0.0182196912355721	-0.407286757603288
128	12.8	-0.0169313896913081	-0.405998456059024
129	12.9	-0.0182196912355721	-0.405998456059024
130	13	-0.0169313896913081	-0.405998456059024
131	13.1	-0.0169313896913081	-0.40471015451476
132	13.2	-0.0169313896913081	-0.40471015451476
133	13.3	-0.0182196912355721	-0.40471015451476
134	13.4	-0.0182196912355721	-0.403421852970496
135	13.5	-0.0182196912355721	-0.403421852970496
136	13.6	-0.0169313896913081	-0.402133551426232
137	13.7	-0.0156430881470442	-0.402133551426232
138	13.8	-0.0169313896913081	-0.400845249881968
139	13.9	-0.0182196912355721	-0.400845249881968
140	14	-0.0169313896913081	-0.400845249881968
141	14.1	-0.0169313896913081	-0.399556948337704
142	14.2	-0.0182196912355721	-0.39826864679344
143	14.3	-0.0169313896913081	-0.396980345249176
144	14.4	-0.0169313896913081	-0.395692043704912
145	14.5	-0.0169313896913081	-0.394403742160648
146	14.6	-0.0169313896913081	-0.394403742160648
147	14.7	-0.0169313896913081	-0.393115440616384
148	14.8	-0.0156430881470442	-0.39182713907212
149	14.9	-0.0169313896913081	-0.39182713907212
150	15	-0.0156430881470442	-0.390538837527856
151	15.1	-0.0169313896913081	-0.390538837527856
152	15.2	-0.0169313896913081	-0.389250535983592
153	15.3	-0.0169313896913081	-0.389250535983592
154	15.4	-0.0156430881470442	-0.387962234439328
155	15.5	-0.0156430881470442	-0.386673932895064
156	15.6	-0.0156430881470442	-0.3853856313508
157	15.7	-0.0169313896913081	-0.384097329806536
158	15.8	-0.0169313896913081	-0.382809028262272
159	15.9	-0.0169313896913081	-0.382809028262272
160	16	-0.0169313896913081	-0.381520726718009
161	16.1	-0.0156430881470442	-0.381520726718009
162	16.2	-0.0169313896913081	-0.380232425173745
163	16.3	-0.0156430881470442	-0.378944123629481
164	16.4	-0.0156430881470442	-0.378944123629481
165	16.5	-0.0169313896913081	-0.377655822085217
166	16.6	-0.0182196912355721	-0.377655822085217
167	16.7	-0.0169313896913081	-0.376367520540953
168	16.8	-0.0156430881470442	-0.376367520540953
169	16.9	-0.0182196912355721	-0.375079218996689
170	17	-0.0156430881470442	-0.375079218996689
171	17.1	-0.0156430881470442	-0.373790917452425
172	17.2	-0.0143547866027802	-0.373790917452425
173	17.3	-0.0143547866027802	-0.373790917452425
174	17.4	-0.0156430881470442	-0.372502615908161
175	17.5	-0.0156430881470442	-0.372502615908161
176	17.6	-0.0169313896913081	-0.371214314363897
177	17.7	-0.0182196912355721	-0.371214314363897
178	17.8	-0.0182196912355721	-0.369926012819633
179	17.9	-0.0182196912355721	-0.369926012819633
180	18	-0.0182196912355721	-0.368637711275369
181	18.1	-0.0182196912355721	-0.367349409731105
182	18.2	-0.0169313896913081	-0.367349409731105
183	18.3	-0.0169313896913081	-0.366061108186841
184	18.4	-0.0156430881470442	-0.366061108186841
185	18.5	-0.0156430881470442	-0.363484505098313
186	18.6	-0.0156430881470442	-0.362196203554049
187	18.7	-0.0169313896913081	-0.362196203554049
188	18.8	-0.0169313896913081	-0.362196203554049
189	18.9	-0.0182196912355721	-0.362196203554049
190	19	-0.0169313896913081	-0.360907902009785
191	19.1	-0.0169313896913081	-0.359619600465521
192	19.2	-0.0169313896913081	-0.359619600465521
193	19.3	-0.0156430881470442	-0.359619600465521
194	19.4	-0.0156430881470442	-0.358331298921257
195	19.5	-0.0169313896913081	-0.357042997376993
196	19.6	-0.0169313896913081	-0.355754695832729
197	19.7	-0.0169313896913081	-0.355754695832729
198	19.8	-0.0169313896913081	-0.355754695832729
199	19.9	-0.0169313896913081	-0.354466394288465
200	20	-0.0169313896913081	-0.353178092744201
201	20.1	-0.0182196912355721	-0.353178092744201
202	20.2	-0.0182196912355721	-0.351889791199937
203	20.3	-0.0169313896913081	-0.351889791199937
204	20.4	-0.0156430881470442	-0.350601489655674
205	20.5	-0.0156430881470442	-0.34931318811141
206	20.6	-0.0169313896913081	-0.348024886567146
207	20.7	-0.0169313896913081	-0.348024886567146
208	20.8	-0.0169313896913081	-0.346736585022882
209	20.9	-0.0169313896913081	-0.345448283478618
210	21	-0.0169313896913081	-0.344159981934354
211	21.1	-0.0182196912355721	-0.34287168039009
212	21.2	-0.0182196912355721	-0.34287168039009
213	21.3	-0.0182196912355721	-0.341583378845826
214	21.4	-0.0169313896913081	-0.340295077301562
215	21.5	-0.0169313896913081	-0.340295077301562
216	21.6	-0.0169313896913081	-0.340295077301562
217	21.7	-0.0156430881470442	-0.339006775757298
218	21.8	-0.0156430881470442	-0.339006775757298
219	21.9	-0.0156430881470442	-0.337718474213034
220	22	-0.0169313896913081	-0.33643017266877
221	22.1	-0.0182196912355721	-0.33643017266877
222	22.2	-0.0156430881470442	-0.33643017266877
223	22.3	-0.0169313896913081	-0.333853569580242
224	22.4	-0.0169313896913081	-0.333853569580242
225	22.5	-0.0156430881470442	-0.333853569580242
226	22.6	-0.0156430881470442	-0.332565268035978
227	22.7	-0.0156430881470442	-0.331276966491714
228	22.8	-0.0169313896913081	-0.331276966491714
229	22.9	-0.0182196912355721	-0.32998866494745
230	23	-0.0182196912355721	-0.32998866494745
231	23.1	-0.0156430881470442	-0.328700363403186
232	23.2	-0.0156430881470442	-0.328700363403186
233	23.3	-0.0169313896913081	-0.328700363403186
234	23.4	-0.0169313896913081	-0.327412061858922
235	23.5	-0.0169313896913081	-0.327412061858922
236	23.6	-0.0182196912355721	-0.327412061858922
237	23.7	-0.0169313896913081	-0.326123760314658
238	23.8	-0.0169313896913081	-0.326123760314658
239	23.9	-0.0169313896913081	-0.326123760314658
240	24	-0.0182196912355721	-0.326123760314658
241	24.1	-0.0169313896913081	-0.324835458770394
242	24.2	-0.0169313896913081	-0.324835458770394
243	24.3	-0.0169313896913081	-0.324835458770394
244	24.4	-0.0156430881470442	-0.32354715722613
245	24.5	-0.0169313896913081	-0.32354715722613
246	24.6	-0.0169313896913081	-0.322258855681866
247	24.7	-0.0169313896913081	-0.320970554137602
248	24.8	-0.0169313896913081	-0.320970554137602
249	24.9	-0.0156430881470442	-0.320970554137602
250	25	-0.0182196912355721	-0.318393951049075
251	25.1	-0.0195079927798361	-0.318393951049075
252	25.2	-0.0195079927798361	-0.318393951049075
253	25.3	-0.0195079927798361	-0.318393951049075
254	25.4	-0.0182196912355721	-0.317105649504811
255	25.5	-0.0182196912355721	-0.317105649504811
256	25.6	-0.0195079927798361	-0.317105649504811
257	25.7	-0.0182196912355721	-0.315817347960547
258	25.8	-0.0169313896913081	-0.314529046416283
259	25.9	-0.0169313896913081	-0.314529046416283
260	26	-0.0156430881470442	-0.313240744872019
261	26.1	-0.0156430881470442	-0.311952443327755
262	26.2	-0.0169313896913081	-0.311952443327755
263	26.3	-0.0169313896913081	-0.310664141783491
264	26.4	-0.0182196912355721	-0.309375840239227
265	26.5	-0.0169313896913081	-0.309375840239227
266	26.6	-0.0169313896913081	-0.309375840239227
267	26.7	-0.0169313896913081	-0.308087538694963
268	26.8	-0.0156430881470442	-0.308087538694963
269	26.9	-0.0156430881470442	-0.306799237150699
270	27	-0.0156430881470442	-0.306799237150699
271	27.1	-0.0169313896913081	-0.306799237150699
272	27.2	-0.0169313896913081	-0.305510935606435
273	27.3	-0.0169313896913081	-0.304222634062171
274	27.4	-0.0169313896913081	-0.302934332517907
275	27.5	-0.0182196912355721	-0.302934332517907
276	27.6	-0.0169313896913081	-0.301646030973643
277	27.7	-0.0156430881470442	-0.301646030973643
278	27.8	-0.0156430881470442	-0.301646030973643
279	27.9	-0.0169313896913081	-0.300357729429379
280	28	-0.0182196912355721	-0.299069427885115
281	28.1	-0.0169313896913081	-0.299069427885115
282	28.2	-0.0182196912355721	-0.299069427885115
283	28.3	-0.0169313896913081	-0.297781126340851
284	28.4	-0.0169313896913081	-0.296492824796587
285	28.5	-0.0169313896913081	-0.296492824796587
286	28.6	-0.0169313896913081	-0.295204523252323
287	28.7	-0.0169313896913081	-0.295204523252323
288	28.8	-0.0182196912355721	-0.293916221708059
289	28.9	-0.0195079927798361	-0.293916221708059
290	29	-0.0207962943241	-0.291339618619531
291	29.1	-0.0207962943241	-0.291339618619531
292	29.2	-0.0182196912355721	-0.290051317075267
293	29.3	-0.0182196912355721	-0.290051317075267
294	29.4	-0.0182196912355721	-0.288763015531003
295	29.5	-0.0169313896913081	-0.288763015531003
296	29.6	-0.0156430881470442	-0.28747471398674
297	29.7	-0.0143547866027802	-0.286186412442476
298	29.8	-0.0156430881470442	-0.286186412442476
299	29.9	-0.0169313896913081	-0.284898110898212
300	30	-0.0182196912355721	-0.283609809353948
301	30.1	-0.0182196912355721	-0.282321507809684
302	30.2	-0.0169313896913081	-0.282321507809684
303	30.3	-0.0169313896913081	-0.28103320626542
304	30.4	-0.0169313896913081	-0.28103320626542
305	30.5	-0.0143547866027802	-0.279744904721156
306	30.6	-0.0156430881470442	-0.278456603176892
307	30.7	-0.0169313896913081	-0.277168301632628
308	30.8	-0.0182196912355721	-0.278456603176892
309	30.9	-0.0156430881470442	-0.277168301632628
310	31	-0.0169313896913081	-0.275880000088364
311	31.1	-0.0182196912355721	-0.275880000088364
312	31.2	-0.0169313896913081	-0.2745916985441
313	31.3	-0.0169313896913081	-0.2745916985441
314	31.4	-0.0169313896913081	-0.272015095455572
315	31.5	-0.0182196912355721	-0.270726793911308
316	31.6	-0.0169313896913081	-0.270726793911308
317	31.7	-0.0169313896913081	-0.269438492367044
318	31.8	-0.0169313896913081	-0.26815019082278
319	31.9	-0.0169313896913081	-0.266861889278516
320	32	-0.0156430881470442	-0.266861889278516
321	32.1	-0.0182196912355721	-0.265573587734252
322	32.2	-0.0195079927798361	-0.264285286189988
323	32.3	-0.022084595868364	-0.262996984645724
324	32.4	-0.022084595868364	-0.262996984645724
325	32.5	-0.0207962943241	-0.26170868310146
326	32.6	-0.0169313896913081	-0.260420381557196
327	32.7	-0.0156430881470442	-0.260420381557196
328	32.8	-0.0169313896913081	-0.259132080012932
329	32.9	-0.0156430881470442	-0.257843778468668
330	33	-0.0182196912355721	-0.257843778468668
331	33.1	-0.0195079927798361	-0.257843778468668
332	33.2	-0.0182196912355721	-0.256555476924405
333	33.3	-0.0182196912355721	-0.256555476924405
334	33.4	-0.0182196912355721	-0.255267175380141
335	33.5	-0.0169313896913081	-0.253978873835877
336	33.6	-0.0169313896913081	-0.253978873835877
337	33.7	-0.0169313896913081	-0.253978873835877
338	33.8	-0.0156430881470442	-0.252690572291613
339	33.9	-0.0169313896913081	-0.251402270747349
340	34	-0.0169313896913081	-0.251402270747349
341	34.1	-0.0169313896913081	-0.250113969203085
342	34.2	-0.0169313896913081	-0.250113969203085
343	34.3	-0.0169313896913081	-0.250113969203085
344	34.4	-0.0169313896913081	-0.250113969203085
345	34.5	-0.0182196912355721	-0.248825667658821
346	34.6	-0.0169313896913081	-0.248825667658821
347	34.7	-0.0169313896913081	-0.246249064570293
348	34.8	-0.0182196912355721	-0.246249064570293
349	34.9	-0.0195079927798361	-0.244960763026029
350	35	-0.0195079927798361	-0.244960763026029
351	35.1	-0.0182196912355721	-0.244960763026029
352	35.2	-0.0182196912355721	-0.243672461481765
353	35.3	-0.0182196912355721	-0.243672461481765
354	35.4	-0.0182196912355721	-0.242384159937501
355	35.5	-0.0156430881470442	-0.242384159937501
356	35.6	-0.0156430881470442	-0.241095858393237
357	35.7	-0.0169313896913081	-0.241095858393237
358	35.8	-0.0156430881470442	-0.239807556848973
359	35.9	-0.0182196912355721	-0.239807556848973
360	36	-0.0182196912355721	-0.238519255304709
361	36.1	-0.0207962943241	-0.237230953760445
362	36.2	-0.022084595868364	-0.237230953760445
363	36.3	-0.0233728974126279	-0.235942652216181
364	36.4	-0.0195079927798361	-0.234654350671917
365	36.5	-0.0195079927798361	-0.233366049127653
366	36.6	-0.0182196912355721	-0.232077747583389
367	36.7	-0.0169313896913081	-0.232077747583389
368	36.8	-0.0169313896913081	-0.230789446039125
369	36.9	-0.0169313896913081	-0.230789446039125
370	37	-0.0169313896913081	-0.229501144494861
371	37.1	-0.0182196912355721	-0.229501144494861
372	37.2	-0.0182196912355721	-0.229501144494861
373	37.3	-0.0195079927798361	-0.228212842950597
374	37.4	-0.0169313896913081	-0.228212842950597
375	37.5	-0.0169313896913081	-0.226924541406333
376	37.6	-0.0169313896913081	-0.225636239862069
377	37.7	-0.0169313896913081	-0.225636239862069
378	37.8	-0.0169313896913081	-0.224347938317806
379	37.9	-0.0169313896913081	-0.224347938317806
380	38	-0.0182196912355721	-0.223059636773542
381	38.1	-0.0182196912355721	-0.221771335229278
382	38.2	-0.0182196912355721	-0.221771335229278
383	38.3	-0.0195079927798361	-0.221771335229278
384	38.4	-0.0182196912355721	-0.220483033685014
385	38.5	-0.0195079927798361	-0.21919473214075
386	38.6	-0.0195079927798361	-0.21919473214075
387	38.7	-0.0182196912355721	-0.217906430596486
388	38.8	-0.0182196912355721	-0.216618129052222
389	38.9	-0.0182196912355721	-0.214041525963694
390	39	-0.0169313896913081	-0.21275322441943
391	39.1	-0.0169313896913081	-0.211464922875166
392	39.2	-0.0182196912355721	-0.211464922875166
393	39.3	-0.0182196912355721	-0.211464922875166
394	39.4	-0.022084595868364	-0.210176621330902
395	39.5	-0.022084595868364	-0.208888319786638
396	39.6	-0.0259495005011559	-0.208888319786638
397	39.7	-0.0259495005011559	-0.207600018242374
398	39.8	-0.0259495005011559	-0.20631171669811
399	39.9	-0.0233728974126279	-0.20631171669811
400	40	-0.0195079927798361	-0.205023415153846
401	40.1	-0.0182196912355721	-0.203735113609582
402	40.2	-0.0182196912355721	-0.202446812065318
403	40.3	-0.0169313896913081	-0.202446812065318
404	40.4	-0.0182196912355721	-0.201158510521054
405	40.5	-0.0207962943241	-0.19987020897679
406	40.6	-0.0207962943241	-0.19987020897679
407	40.7	-0.0195079927798361	-0.198581907432526
408	40.8	-0.0182196912355721	-0.197293605888262
409	40.9	-0.0182196912355721	-0.196005304343998
410	41	-0.0182196912355721	-0.196005304343998
411	41.1	-0.0182196912355721	-0.194717002799734
412	41.2	-0.0207962943241	-0.193428701255471
413	41.3	-0.0207962943241	-0.193428701255471
414	41.4	-0.0195079927798361	-0.192140399711207
415	41.5	-0.0182196912355721	-0.190852098166943
416	41.6	-0.0195079927798361	-0.190852098166943
417	41.7	-0.0195079927798361	-0.190852098166943
418	41.8	-0.0195079927798361	-0.189563796622679
419	41.9	-0.0195079927798361	-0.189563796622679
420	42	-0.0207962943241	-0.188275495078415
421	42.1	-0.0207962943241	-0.188275495078415
422	42.2	-0.0182196912355721	-0.186987193534151
423	42.3	-0.0182196912355721	-0.185698891989887
424	42.4	-0.0182196912355721	-0.184410590445623
425	42.5	-0.0207962943241	-0.181833987357095
426	42.6	-0.0233728974126279	-0.181833987357095
427	42.7	-0.0272378020454198	-0.180545685812831
428	42.8	-0.0298144051339477	-0.179257384268567
429	42.9	-0.0285261035896838	-0.179257384268567
430	43	-0.022084595868364	-0.177969082724303
431	43.1	-0.0182196912355721	-0.176680781180039
432	43.2	-0.0182196912355721	-0.175392479635775
433	43.3	-0.0182196912355721	-0.174104178091511
434	43.4	-0.0195079927798361	-0.174104178091511
435	43.5	-0.0207962943241	-0.172815876547247
436	43.6	-0.022084595868364	-0.172815876547247
437	43.7	-0.022084595868364	-0.171527575002983
438	43.8	-0.022084595868364	-0.171527575002983
439	43.9	-0.022084595868364	-0.170239273458719
440	44	-0.0207962943241	-0.170239273458719
441	44.1	-0.022084595868364	-0.170239273458719
442	44.2	-0.0207962943241	-0.168950971914455
443	44.3	-0.0182196912355721	-0.168950971914455
444	44.4	-0.0195079927798361	-0.166374368825927
445	44.5	-0.0195079927798361	-0.165086067281663
446	44.6	-0.0195079927798361	-0.163797765737399
447	44.7	-0.0207962943241	-0.162509464193135
448	44.8	-0.0207962943241	-0.162509464193135
449	44.9	-0.0207962943241	-0.161221162648872
450	45	-0.0207962943241	-0.159932861104608
451	45.1	-0.0207962943241	-0.159932861104608
452	45.2	-0.0182196912355721	-0.158644559560344
453	45.3	-0.0195079927798361	-0.156067956471816
454	45.4	-0.022084595868364	-0.156067956471816
455	45.5	-0.0233728974126279	-0.154779654927552
456	45.6	-0.0272378020454198	-0.154779654927552
457	45.7	-0.0298144051339477	-0.153491353383288
458	45.8	-0.0323910082224756	-0.152203051839024
459	45.9	-0.0323910082224756	-0.152203051839024
460	46	-0.0323910082224756	-0.152203051839024
461	46.1	-0.0298144051339477	-0.15091475029476
462	46.2	-0.0259495005011559	-0.149626448750496
463	46.3	-0.0207962943241	-0.149626448750496
464	46.4	-0.0182196912355721	-0.148338147206232
465	46.5	-0.0182196912355721	-0.148338147206232
466	46.6	-0.022084595868364	-0.147049845661968
467	46.7	-0.0233728974126279	-0.147049845661968
468	46.8	-0.0246611989568919	-0.145761544117704
469	46.9	-0.0259495005011559	-0.145761544117704
470	47	-0.0285261035896838	-0.145761544117704
471	47.1	-0.0285261035896838	-0.14447324257344
472	47.2	-0.0285261035896838	-0.14447324257344
473	47.3	-0.0259495005011559	-0.143184941029176
474	47.4	-0.0246611989568919	-0.143184941029176
475	47.5	-0.0207962943241	-0.143184941029176
476	47.6	-0.0207962943241	-0.141896639484912
477	47.7	-0.0195079927798361	-0.140608337940648
478	47.8	-0.0195079927798361	-0.140608337940648
479	47.9	-0.0207962943241	-0.139320036396384
480	48	-0.0207962943241	-0.139320036396384
481	48.1	-0.0207962943241	-0.13803173485212
482	48.2	-0.0207962943241	-0.136743433307856
483	48.3	-0.0195079927798361	-0.135455131763592
484	48.4	-0.0207962943241	-0.135455131763592
485	48.5	-0.0195079927798361	-0.134166830219328
486	48.6	-0.0207962943241	-0.134166830219328
487	48.7	-0.0207962943241	-0.134166830219328
488	48.8	-0.0207962943241	-0.132878528675064
489	48.9	-0.0195079927798361	-0.1315902271308
490	49	-0.0207962943241	-0.1315902271308
491	49.1	-0.0195079927798361	-0.1315902271308
492	49.2	-0.0182196912355721	-0.130301925586537
493	49.3	-0.0195079927798361	-0.130301925586537
494	49.4	-0.022084595868364	-0.129013624042273
495	49.5	-0.0246611989568919	-0.129013624042273
496	49.6	-0.0311027066782117	-0.129013624042273
497	49.7	-0.0362559128552675	-0.127725322498009
498	49.8	-0.0375442143995315	-0.127725322498009
499	49.9	-0.0414091190323234	-0.127725322498009
500	50	-0.0452740236651152	-0.126437020953745
501	50.1	-0.0439857221208513	-0.125148719409481
502	50.2	-0.0401208174880594	-0.125148719409481
503	50.3	-0.0349676113110036	-0.125148719409481
504	50.4	-0.0285261035896838	-0.123860417865217
505	50.5	-0.0233728974126279	-0.123860417865217
506	50.6	-0.0195079927798361	-0.122572116320953
507	50.7	-0.0169313896913081	-0.122572116320953
508	50.8	-0.0195079927798361	-0.119995513232425
509	50.9	-0.0233728974126279	-0.119995513232425
510	51	-0.0272378020454198	-0.119995513232425
511	51.1	-0.0285261035896838	-0.118707211688161
512	51.2	-0.0272378020454198	-0.118707211688161
513	51.3	-0.0285261035896838	-0.117418910143897
514	51.4	-0.0272378020454198	-0.118707211688161
515	51.5	-0.0259495005011559	-0.117418910143897
516	51.6	-0.0233728974126279	-0.116130608599633
517	51.7	-0.022084595868364	-0.116130608599633
518	51.8	-0.022084595868364	-0.114842307055369
519	51.9	-0.0195079927798361	-0.114842307055369
520	52	-0.0207962943241	-0.114842307055369
521	52.1	-0.0207962943241	-0.113554005511105
522	52.2	-0.022084595868364	-0.113554005511105
523	52.3	-0.022084595868364	-0.112265703966841
524	52.4	-0.022084595868364	-0.112265703966841
525	52.5	-0.0233728974126279	-0.110977402422577
526	52.6	-0.0233728974126279	-0.110977402422577
527	52.7	-0.0233728974126279	-0.110977402422577
528	52.8	-0.022084595868364	-0.109689100878313
529	52.9	-0.0233728974126279	-0.108400799334049
530	53	-0.0233728974126279	-0.108400799334049
531	53.1	-0.022084595868364	-0.107112497789785
532	53.2	-0.022084595868364	-0.107112497789785
533	53.3	-0.0207962943241	-0.107112497789785
534	53.4	-0.0195079927798361	-0.105824196245521
535	53.5	-0.0207962943241	-0.105824196245521
536	53.6	-0.0195079927798361	-0.104535894701257
537	53.7	-0.0233728974126279	-0.104535894701257
538	53.8	-0.0272378020454198	-0.104535894701257
539	53.9	-0.0298144051339477	-0.103247593156993
540	54	-0.0362559128552675	-0.101959291612729
541	54.1	-0.0414091190323234	-0.101959291612729
542	54.2	-0.0426974205765873	-0.101959291612729
543	54.3	-0.0452740236651152	-0.101959291612729
544	54.4	-0.0491389282979071	-0.100670990068465
545	54.5	-0.0504272298421711	-0.100670990068465
546	54.6	-0.0491389282979071	-0.100670990068465
547	54.7	-0.0426974205765873	-0.0993826885242015
548	54.8	-0.0401208174880594	-0.0993826885242015
549	54.9	-0.0349676113110036	-0.0980943869799376
550	55	-0.0311027066782117	-0.0980943869799376
551	55.1	-0.0246611989568919	-0.0980943869799376
552	55.2	-0.0195079927798361	-0.0980943869799376
553	55.3	-0.0182196912355721	-0.0968060854356736
554	55.4	-0.0195079927798361	-0.0968060854356736
555	55.5	-0.022084595868364	-0.0968060854356736
556	55.6	-0.0233728974126279	-0.0955177838914096
557	55.7	-0.0272378020454198	-0.0955177838914096
558	55.8	-0.0336793097667396	-0.0942294823471457
559	55.9	-0.0336793097667396	-0.0942294823471457
560	56	-0.0349676113110036	-0.0942294823471457
561	56.1	-0.0375442143995315	-0.0929411808028817
562	56.2	-0.0349676113110036	-0.0929411808028817
563	56.3	-0.0349676113110036	-0.0929411808028817
564	56.4	-0.0298144051339477	-0.0916528792586178
565	56.5	-0.0272378020454198	-0.0916528792586178
566	56.6	-0.0272378020454198	-0.0903645777143538
567	56.7	-0.0272378020454198	-0.0916528792586178
568	56.8	-0.0246611989568919	-0.0903645777143538
569	56.9	-0.0233728974126279	-0.0903645777143538
570	57	-0.0233728974126279	-0.0903645777143538
571	57.1	-0.022084595868364	-0.0903645777143538
572	57.2	-0.022084595868364	-0.0890762761700898
573	57.3	-0.022084595868364	-0.0890762761700898
574	57.4	-0.0207962943241	-0.0877879746258259
575	57.5	-0.0207962943241	-0.0877879746258259
576	57.6	-0.022084595868364	-0.0877879746258259
577	57.7	-0.022084595868364	-0.0864996730815619
578	57.8	-0.0233728974126279	-0.085211371537298
579	57.9	-0.0233728974126279	-0.085211371537298
580	58	-0.0246611989568919	-0.085211371537298
581	58.1	-0.0233728974126279	-0.085211371537298
582	58.2	-0.0246611989568919	-0.085211371537298
583	58.3	-0.0246611989568919	-0.083923069993034
584	58.4	-0.0233728974126279	-0.083923069993034
585	58.5	-0.0259495005011559	-0.083923069993034
586	58.6	-0.0246611989568919	-0.08263476844877
587	58.7	-0.0246611989568919	-0.08263476844877
588	58.8	-0.0207962943241	-0.08263476844877
589	58.9	-0.022084595868364	-0.0813464669045061
590	59	-0.0207962943241	-0.0813464669045061
591	59.1	-0.0195079927798361	-0.0813464669045061
592	59.2	-0.0195079927798361	-0.0813464669045061
593	59.3	-0.0207962943241	-0.0800581653602421
594	59.4	-0.0272378020454198	-0.0787698638159782
595	59.5	-0.0362559128552675	-0.0787698638159782
596	59.6	-0.0452740236651152	-0.0774815622717142
597	59.7	-0.0542921344749629	-0.0774815622717142
598	59.8	-0.0620219437405467	-0.0774815622717142
599	59.9	-0.0736166576389223	-0.0761932607274503
600	60	-0.0749049591831863	-0.0761932607274503
601	60.1	-0.0749049591831863	-0.0749049591831863
602	60.2	-0.0736166576389223	-0.0749049591831863
603	60.3	-0.0671751499176025	-0.0749049591831863
604	60.4	-0.0633102452848107	-0.0736166576389223
605	60.5	-0.0581570391077548	-0.0736166576389223
606	60.6	-0.0465623252093792	-0.0736166576389223
607	60.7	-0.0311027066782117	-0.0723283560946584
608	60.8	-0.0298144051339477	-0.0723283560946584
609	60.9	-0.0233728974126279	-0.0723283560946584
610	61	-0.022084595868364	-0.0723283560946584
611	61.1	-0.0195079927798361	-0.0710400545503944
612	61.2	-0.0182196912355721	-0.0710400545503944
613	61.3	-0.0207962943241	-0.0710400545503944
614	61.4	-0.0259495005011559	-0.0710400545503944
615	61.5	-0.0285261035896838	-0.0697517530061305
616	61.6	-0.0336793097667396	-0.0697517530061305
617	61.7	-0.0388325159437954	-0.0697517530061305
618	61.8	-0.0439857221208513	-0.0697517530061305
619	61.9	-0.0452740236651152	-0.0697517530061305
620	62	-0.0465623252093792	-0.0684634514618665
621	62.1	-0.0491389282979071	-0.0684634514618665
622	62.2	-0.051715531386435	-0.0684634514618665
623	62.3	-0.053003832930699	-0.0684634514618665
624	62.4	-0.0555804360192269	-0.0684634514618665
625	62.5	-0.0568687375634909	-0.0671751499176025
626	62.6	-0.0542921344749629	-0.0671751499176025
627	62.7	-0.0542921344749629	-0.0658868483733386
628	62.8	-0.0504272298421711	-0.0658868483733386
629	62.9	-0.0452740236651152	-0.0658868483733386
630	63	-0.0426974205765873	-0.0645985468290746
631	63.1	-0.0362559128552675	-0.0645985468290746
632	63.2	-0.0336793097667396	-0.0645985468290746
633	63.3	-0.0285261035896838	-0.0645985468290746
634	63.4	-0.0272378020454198	-0.0645985468290746
635	63.5	-0.0259495005011559	-0.0645985468290746
636	63.6	-0.0246611989568919	-0.0633102452848107
637	63.7	-0.022084595868364	-0.0633102452848107
638	63.8	-0.0233728974126279	-0.0633102452848107
639	63.9	-0.022084595868364	-0.0620219437405467
640	64	-0.0207962943241	-0.0620219437405467
641	64.1	-0.0233728974126279	-0.0620219437405467
642	64.2	-0.0233728974126279	-0.0620219437405467
643	64.3	-0.022084595868364	-0.0620219437405467
644	64.4	-0.0233728974126279	-0.0620219437405467
645	64.5	-0.022084595868364	-0.0607336421962827
646	64.6	-0.022084595868364	-0.0607336421962827
647	64.7	-0.022084595868364	-0.0607336421962827
648	64.8	-0.0207962943241	-0.0594453406520188
649	64.9	-0.0207962943241	-0.0594453406520188
650	65	-0.0195079927798361	-0.0594453406520188
651	65.1	-0.0195079927798361	-0.0581570391077548
652	65.2	-0.0195079927798361	-0.0581570391077548
653	65.3	-0.0182196912355721	-0.0581570391077548
654	65.4	-0.0207962943241	-0.0581570391077548
655	65.5	-0.022084595868364	-0.0581570391077548
656	65.6	-0.022084595868364	-0.0568687375634909
657	65.7	-0.0259495005011559	-0.0568687375634909
658	65.8	-0.0272378020454198	-0.0568687375634909
659	65.9	-0.0298144051339477	-0.0568687375634909
660	66	-0.0323910082224756	-0.0555804360192269
661	66.1	-0.0311027066782117	-0.0555804360192269
662	66.2	-0.0323910082224756	-0.0555804360192269
663	66.3	-0.0323910082224756	-0.0555804360192269
664	66.4	-0.0311027066782117	-0.0542921344749629
665	66.5	-0.0298144051339477	-0.0542921344749629
666	66.6	-0.0298144051339477	-0.0555804360192269
667	66.7	-0.0285261035896838	-0.0542921344749629
668	66.8	-0.0246611989568919	-0.0542921344749629
669	66.9	-0.0246611989568919	-0.0542921344749629
670	67	-0.0246611989568919	-0.053003832930699
671	67.1	-0.0285261035896838	-0.053003832930699
672	67.2	-0.0375442143995315	-0.051715531386435
673	67.3	-0.0452740236651152	-0.051715531386435
674	67.4	-0.051715531386435	-0.051715531386435
675	67.5	-0.0813464669045061	-0.0504272298421711
676	67.6	-0.101959291612729	-0.0504272298421711
677	67.7	-0.127725322498009	-0.0504272298421711
678	67.8	-0.141896639484912	-0.0491389282979071
679	67.9	-0.148338147206232	-0.0491389282979071
680	68	-0.148338147206232	-0.0491389282979071
681	68.1	-0.136743433307856	-0.0478506267536432
682	68.2	-0.107112497789785	-0.0465623252093792
683	68.3	-0.0813464669045061	-0.0465623252093792
684	68.4	-0.0388325159437954	-0.0452740236651152
685	68.5	-0.022084595868364	-0.0452740236651152
686	68.6	-0.0182196912355721	-0.0439857221208513
687	68.7	-0.0246611989568919	-0.0439857221208513
688	68.8	-0.0414091190323234	-0.0439857221208513
689	68.9	-0.0633102452848107	-0.0426974205765873
690	69	-0.0877879746258259	-0.0414091190323234
691	69.1	-0.105824196245521	-0.0401208174880594
692	69.2	-0.112265703966841	-0.0401208174880594
693	69.3	-0.113554005511105	-0.0401208174880594
694	69.4	-0.109689100878313	-0.0388325159437954
695	69.5	-0.0980943869799376	-0.0388325159437954
696	69.6	-0.0916528792586178	-0.0388325159437954
697	69.7	-0.08263476844877	-0.0375442143995315
698	69.8	-0.0697517530061305	-0.0375442143995315
699	69.9	-0.0581570391077548	-0.0375442143995315
700	70	-0.0491389282979071	-0.0375442143995315
701	70.1	-0.0401208174880594	-0.0375442143995315
702	70.2	-0.0362559128552675	-0.0362559128552675
703	70.3	-0.0349676113110036	-0.0362559128552675
704	70.4	-0.0285261035896838	-0.0349676113110036
705	70.5	-0.0298144051339477	-0.0349676113110036
706	70.6	-0.0272378020454198	-0.0349676113110036
707	70.7	-0.0259495005011559	-0.0349676113110036
708	70.8	-0.0246611989568919	-0.0349676113110036
709	70.9	-0.0233728974126279	-0.0349676113110036
710	71	-0.022084595868364	-0.0349676113110036
711	71.1	-0.0207962943241	-0.0336793097667396
712	71.2	-0.0195079927798361	-0.0336793097667396
713	71.3	-0.0195079927798361	-0.0336793097667396
714	71.4	-0.0195079927798361	-0.0323910082224756
715	71.5	-0.0233728974126279	-0.0323910082224756
716	71.6	-0.0246611989568919	-0.0323910082224756
717	71.7	-0.0298144051339477	-0.0311027066782117
718	71.8	-0.0362559128552675	-0.0311027066782117
719	71.9	-0.0414091190323234	-0.0311027066782117
720	72	-0.0426974205765873	-0.0298144051339477
721	72.1	-0.0426974205765873	-0.0298144051339477
722	72.2	-0.0414091190323234	-0.0285261035896838
723	72.3	-0.0375442143995315	-0.0285261035896838
724	72.4	-0.0349676113110036	-0.0285261035896838
725	72.5	-0.0323910082224756	-0.0285261035896838
726	72.6	-0.0336793097667396	-0.0272378020454198
727	72.7	-0.0362559128552675	-0.0272378020454198
728	72.8	-0.0504272298421711	-0.0259495005011559
729	72.9	-0.0607336421962827	-0.0259495005011559
730	73	-0.0774815622717142	-0.0259495005011559
731	73.1	-0.0955177838914096	-0.0259495005011559
732	73.2	-0.110977402422577	-0.0259495005011559
733	73.3	-0.129013624042273	-0.0259495005011559
734	73.4	-0.158644559560344	-0.0259495005011559
735	73.5	-0.183122288901359	-0.0246611989568919
736	73.6	-0.210176621330902	-0.0246611989568919
737	73.7	-0.239807556848973	-0.0246611989568919
738	73.8	-0.251402270747349	-0.0246611989568919
739	73.9	-0.256555476924405	-0.0246611989568919
740	74	-0.262996984645724	-0.0246611989568919
741	74.1	-0.26815019082278	-0.0246611989568919
742	74.2	-0.272015095455572	-0.0246611989568919
743	74.3	-0.278456603176892	-0.0246611989568919
744	74.4	-0.282321507809684	-0.0233728974126279
745	74.5	-0.290051317075267	-0.0233728974126279
746	74.6	-0.291339618619531	-0.0233728974126279
747	74.7	-0.295204523252323	-0.0233728974126279
748	74.8	-0.295204523252323	-0.0233728974126279
749	74.9	-0.293916221708059	-0.0233728974126279
750	75	-0.292627920163795	-0.0233728974126279
751	75.1	-0.290051317075267	-0.0233728974126279
752	75.2	-0.286186412442476	-0.0246611989568919
753	75.3	-0.28103320626542	-0.0233728974126279
754	75.4	-0.278456603176892	-0.0233728974126279
755	75.5	-0.270726793911308	-0.0233728974126279
756	75.6	-0.260420381557196	-0.0233728974126279
757	75.7	-0.250113969203085	-0.0233728974126279
758	75.8	-0.239807556848973	-0.0233728974126279
759	75.9	-0.220483033685014	-0.0233728974126279
760	76	-0.20631171669811	-0.0233728974126279
761	76.1	-0.192140399711207	-0.0233728974126279
762	76.2	-0.175392479635775	-0.022084595868364
763	76.3	-0.15735625801608	-0.022084595868364
764	76.4	-0.149626448750496	-0.0233728974126279
765	76.5	-0.141896639484912	-0.0233728974126279
766	76.6	-0.134166830219328	-0.022084595868364
767	76.7	-0.122572116320953	-0.022084595868364
768	76.8	-0.112265703966841	-0.022084595868364
769	76.9	-0.104535894701257	-0.022084595868364
770	77	-0.104535894701257	-0.022084595868364
771	77.1	-0.0993826885242015	-0.0233728974126279
772	77.2	-0.0916528792586178	-0.022084595868364
773	77.3	-0.0903645777143538	-0.0233728974126279
774	77.4	-0.0877879746258259	-0.022084595868364
775	77.5	-0.0723283560946584	-0.0233728974126279
776	77.6	-0.0684634514618665	-0.0233728974126279
777	77.7	-0.0645985468290746	-0.022084595868364
778	77.8	-0.0594453406520188	-0.022084595868364
779	77.9	-0.051715531386435	-0.0233728974126279
780	78	-0.0491389282979071	-0.022084595868364
781	78.1	-0.0465623252093792	-0.022084595868364
782	78.2	-0.0426974205765873	-0.022084595868364
783	78.3	-0.0401208174880594	-0.022084595868364
784	78.4	-0.0388325159437954	-0.022084595868364
785	78.5	-0.0323910082224756	-0.022084595868364
786	78.6	-0.0323910082224756	-0.022084595868364
787	78.7	-0.0311027066782117	-0.0233728974126279
788	78.8	-0.0272378020454198	-0.022084595868364
789	78.9	-0.0285261035896838	-0.0233728974126279
790	79	-0.0259495005011559	-0.0233728974126279
791	79.1	-0.0246611989568919	-0.022084595868364
792	79.2	-0.022084595868364	-0.022084595868364
793	79.3	-0.0207962943241	-0.022084595868364
794	79.4	-0.0182196912355721	-0.022084595868364
795	79.5	-0.0182196912355721	-0.0233728974126279
796	79.6	-0.0195079927798361	-0.022084595868364
797	79.7	-0.022084595868364	-0.022084595868364
798	79.8	-0.0246611989568919	-0.022084595868364
799	79.9	-0.0323910082224756	-0.0233728974126279
800	80	-0.0401208174880594	-0.022084595868364
801	80.1	-0.0645985468290746	-0.022084595868364
802	80.2	-0.103247593156993	-0.022084595868364
803	80.3	-0.129013624042273	-0.022084595868364
804	80.4	-0.168950971914455	-0.022084595868364
805	80.5	-0.221771335229278	-0.0207962943241
806	80.6	-0.26170868310146	-0.0207962943241
807	80.7	-0.301646030973643	-0.0207962943241
808	80.8	-0.32354715722613	-0.0207962943241
809	80.9	-0.353178092744201	-0.0195079927798361
810	81	-0.382809028262272	-0.0207962943241
811	81.1	-0.393115440616384	-0.0207962943241
812	81.2	-0.393115440616384	-0.0195079927798361
813	81.3	-0.395692043704912	-0.0195079927798361
814	81.4	-0.39182713907212	-0.0182196912355721
815	81.5	-0.384097329806536	-0.0182196912355721
816	81.6	-0.371214314363897	-0.0182196912355721
817	81.7	-0.355754695832729	-0.0182196912355721
818	81.8	-0.33643017266877	-0.0182196912355721
819	81.9	-0.304222634062171	-0.0169313896913081
820	82	-0.262996984645724	-0.0182196912355721
821	82.1	-0.203735113609582	-0.0169313896913081
822	82.2	-0.172815876547247	-0.0169313896913081
823	82.3	-0.134166830219328	-0.0169313896913081
824	82.4	-0.112265703966841	-0.0169313896913081
825	82.5	-0.0929411808028817	-0.0156430881470442
826	82.6	-0.0864996730815619	-0.0156430881470442
827	82.7	-0.085211371537298	-0.0156430881470442
828	82.8	-0.08263476844877	-0.0156430881470442
829	82.9	-0.0787698638159782	-0.0156430881470442
830	83	-0.0671751499176025	-0.0156430881470442
831	83.1	-0.0645985468290746	-0.0156430881470442
832	83.2	-0.0568687375634909	-0.0156430881470442
833	83.3	-0.051715531386435	-0.0156430881470442
834	83.4	-0.0478506267536432	-0.0156430881470442
835	83.5	-0.0439857221208513	-0.0156430881470442
836	83.6	-0.0414091190323234	-0.0156430881470442
837	83.7	-0.0388325159437954	-0.0156430881470442
838	83.8	-0.0388325159437954	-0.0156430881470442
839	83.9	-0.0349676113110036	-0.0143547866027802
840	84	-0.0323910082224756	-0.0156430881470442
841	84.1	-0.0311027066782117	-0.0143547866027802
842	84.2	-0.0298144051339477	-0.0143547866027802
843	84.3	-0.0311027066782117	-0.0143547866027802
844	84.4	-0.0311027066782117	-0.0143547866027802
845	84.5	-0.0336793097667396	-0.0143547866027802
846	84.6	-0.0362559128552675	-0.0143547866027802
847	84.7	-0.0362559128552675	-0.0143547866027802
848	84.8	-0.0375442143995315	-0.0143547866027802
849	84.9	-0.0426974205765873	-0.0130664850585163
850	85	-0.0426974205765873	-0.0130664850585163
851	85.1	-0.0452740236651152	-0.0130664850585163
852	85.2	-0.0478506267536432	-0.0130664850585163
853	85.3	-0.0478506267536432	-0.0130664850585163
854	85.4	-0.0491389282979071	-0.0130664850585163
855	85.5	-0.0504272298421711	-0.0130664850585163
856	85.6	-0.0491389282979071	-0.0130664850585163
857	85.7	-0.0478506267536432	-0.0130664850585163
858	85.8	-0.0452740236651152	-0.0130664850585163
859	85.9	-0.0426974205765873	-0.0117781835142523
860	86	-0.0375442143995315	-0.0117781835142523
861	86.1	-0.0323910082224756	-0.0117781835142523
862	86.2	-0.0272378020454198	-0.0117781835142523
863	86.3	-0.0207962943241	-0.0117781835142523
864	86.4	-0.0182196912355721	-0.0104898819699883
865	86.5	-0.0195079927798361	-0.0104898819699883
866	86.6	-0.0207962943241	-0.0104898819699883
867	86.7	-0.0246611989568919	-0.0104898819699883
868	86.8	-0.0272378020454198	-0.0104898819699883
869	86.9	-0.0323910082224756	-0.0104898819699883
870	87	-0.0388325159437954	-0.00920158042572439
871	87.1	-0.0452740236651152	-0.00920158042572439
872	87.2	-0.0504272298421711	-0.00920158042572439
873	87.3	-0.0594453406520188	-0.00920158042572439
874	87.4	-0.0620219437405467	-0.00920158042572439
875	87.5	-0.0658868483733386	-0.00920158042572439
876	87.6	-0.0710400545503944	-0.00791327888146043
877	87.7	-0.0749049591831863	-0.00791327888146043
878	87.8	-0.0774815622717142	-0.00791327888146043
879	87.9	-0.0787698638159782	-0.00791327888146043
880	88	-0.0800581653602421	-0.00791327888146043
881	88.1	-0.0800581653602421	-0.00791327888146043
882	88.2	-0.0761932607274503	-0.00662497733719647
883	88.3	-0.0723283560946584	-0.00662497733719647
884	88.4	-0.0658868483733386	-0.00662497733719647
885	88.5	-0.0645985468290746	-0.00662497733719647
886	88.6	-0.0684634514618665	-0.00533667579293251
887	88.7	-0.0800581653602421	-0.00533667579293251
888	88.8	-0.112265703966841	-0.00533667579293251
889	88.9	-0.202446812065318	-0.00533667579293251
890	89	-0.358331298921257	-0.00404837424866855
891	89.1	-0.45366561319679	-0.00404837424866855
892	89.2	-0.72678554058075	-0.00404837424866855
893	89.3	-1.01150018186308	-0.00276007270440459
894	89.4	-1.12744732084684	-0.00276007270440459
895	89.5	-1.14161863783374	-0.00276007270440459
896	89.6	-1.17511447798461	-0.00276007270440459
897	89.7	-1.18284428725019	-0.00276007270440459
898	89.8	-1.19830390578136	-0.00147177116014063
899	89.9	-1.30523293395527	-0.00276007270440459
900	90	-1.4147385652177	-0.00147177116014063
901	90.1	-1.44179289764725	-0.00147177116014063
902	90.2	-1.49590156250633	-0.00147177116014063
903	90.3	-1.51909099030308	-0.00147177116014063
904	90.4	-1.55129852890968	-0.00147177116014063
905	90.5	-1.5757762582507	-0.00147177116014063
906	90.6	-1.59767738450319	-0.00147177116014063
907	90.7	-1.61957851075567	-0.00147177116014063
908	90.8	-1.65178604936227	-0.00147177116014063
909	90.9	-1.65307435090654	-0.000183469615876675
910	91	-1.63890303391963	-0.000183469615876675
911	91.1	-1.59767738450319	0.00110483192838728
912	91.2	-1.53455060883425	0.00110483192838728
913	91.3	-1.51007287949324	0.00110483192838728
914	91.4	-1.4005672482308	0.00110483192838728
915	91.5	-1.2897733154241	0.00110483192838728
916	91.6	-1.25627747527324	0.00110483192838728
917	91.7	-1.19701560423709	0.00110483192838728
918	91.8	-1.09652808378451	0.00110483192838728
919	91.9	-0.923895676853135	0.00110483192838728
920	92	-0.840156076475978	0.00239313347265124
921	92.1	-0.813101744046435	0.00239313347265124
922	92.2	-0.625009718583897	0.00239313347265124
923	92.3	-0.425322979222983	0.00239313347265124
924	92.4	-0.320970554137602	0.00239313347265124
925	92.5	-0.166374368825927	0.0036814350169152
926	92.6	-0.116130608599633	0.0036814350169152
927	92.7	-0.0864996730815619	0.0036814350169152
928	92.8	-0.0645985468290746	0.0036814350169152
929	92.9	-0.0607336421962827	0.0036814350169152
930	93	-0.0607336421962827	0.00496973656117916
931	93.1	-0.0620219437405467	0.0036814350169152
932	93.2	-0.0658868483733386	0.0036814350169152
933	93.3	-0.0697517530061305	0.00496973656117916
934	93.4	-0.083923069993034	0.00496973656117916
935	93.5	-0.114842307055369	0.00496973656117916
936	93.6	-0.1315902271308	0.00496973656117916
937	93.7	-0.186987193534151	0.00496973656117916
938	93.8	-0.256555476924405	0.00496973656117916
939	93.9	-0.328700363403186	0.00496973656117916
940	94	-0.360907902009785	0.00496973656117916
941	94.1	-0.390538837527856	0.00496973656117916
942	94.2	-0.429187883855775	0.00496973656117916
943	94.3	-0.530963705852628	0.00496973656117916
944	94.4	-0.576054259901866	0.00496973656117916
945	94.5	-0.644334241747856	0.00496973656117916
946	94.6	-0.738380254479125	0.00625803810544312
947	94.7	-0.853039091918617	0.00625803810544312
948	94.8	-1.18413258879445	0.00625803810544312
949	94.9	-1.31811594939791	0.00496973656117916
950	95	-1.61184870149009	0.00625803810544312
951	95.1	-1.73166074510664	0.00625803810544312
952	95.2	-1.83858977328055	0.00625803810544312
953	95.3	-2.02797010028735	0.00625803810544312
954	95.4	-2.23281004582532	0.00625803810544312
955	95.5	-2.44022659445181	0.00625803810544312
956	95.6	-2.60255258902907	0.00754633964970708
957	95.7	-2.70304010948166	0.00754633964970708
958	95.8	-2.83187026390806	0.00754633964970708
959	95.9	-3.07664755731821	0.00754633964970708
960	96	-3.23510864726268	0.00754633964970708
961	96.1	-3.41031765728258	0.00883464119397104
962	96.2	-3.61386930127628	0.00883464119397104
963	96.3	-3.84061037306674	0.00754633964970708
964	96.4	-4.10213558655232	0.00754633964970708
965	96.5	-4.29151591355912	0.00754633964970708
966	96.6	-4.48347284365445	0.00883464119397104
967	96.7	-4.70763731235638	0.00883464119397104
968	96.8	-4.96014441503212	0.00883464119397104
969	96.9	-5.1430832343176	0.00883464119397104
970	97	-5.25258886558004	0.010122942738235
971	97.1	-5.40332014625892	0.00883464119397104
972	97.2	-5.63006121804938	0.010122942738235
973	97.3	-5.76404457865283	0.010122942738235
974	97.4	-5.80140532343648	0.010122942738235
975	97.5	-5.9186407639645	0.010122942738235
976	97.6	-5.9830558411777	0.010122942738235
977	97.7	-6.07710185390897	0.010122942738235
978	97.8	-6.15182334347628	0.010122942738235
979	97.9	-6.21237351605669	0.010122942738235
980	98	-6.22010332532227	0.011411244282499
981	98.1	-6.1763010728173	0.011411244282499
982	98.2	-6.12219240795821	0.010122942738235
983	98.3	-5.9688845241908	0.011411244282499
984	98.4	-5.7936755141709	0.011411244282499
985	98.5	-5.51282577752136	0.011411244282499
986	98.6	-5.20621000998653	0.011411244282499
987	98.7	-4.88026971928775	0.0126995458267629
988	98.8	-4.42292267107405	0.011411244282499
989	98.9	-3.75815907423384	0.0126995458267629
990	99	-3.00836757547222	0.0126995458267629
991	99.1	-2.30109002767131	0.0126995458267629
992	99.2	-1.8617792010773	0.0126995458267629
993	99.3	-1.67497547715902	0.0126995458267629
994	99.4	-1.2253582382109	0.0126995458267629
995	99.5	-1.01021188031882	0.0126995458267629
996	99.6	-0.649487447924912	0.0126995458267629
997	99.7	-0.315817347960547	0.0126995458267629
998	99.8	-0.21275322441943	0.0126995458267629
999	99.9	-0.134166830219328	0.0139878473710269
1000	100	-0.105824196245521	0.0139878473710269
1001	100.1	-0.0916528792586178	0.0139878473710269
1002	100.2	-0.0633102452848107	0.0139878473710269
1003	100.3	-0.179257384268567	0.0139878473710269
1004	100.4	-0.292627920163795	0.0139878473710269
1005	100.5	-0.70746101741679	0.0139878473710269
1006	100.6	-1.1003929884173	0.0152761489152908
1007	100.7	-1.42633327911608	0.0152761489152908
1008	100.8	-1.74067885591649	0.0152761489152908
1009	100.9	-1.8939867396839	0.0152761489152908
1010	101	-2.0975383836776	0.0152761489152908
1011	101.1	-2.30753153539263	0.0152761489152908
1012	101.2	-2.54586732108146	0.0152761489152908
1013	101.3	-2.75586047279648	0.0152761489152908
1014	101.4	-2.8769608179573	0.0152761489152908
1015	101.5	-3.11916150827892	0.0152761489152908
1016	101.6	-3.37295691249892	0.0152761489152908
1017	101.7	-3.58295006421395	0.0152761489152908
1018	101.8	-3.75558247114532	0.0152761489152908
1019	101.9	-3.89987224410288	0.0152761489152908
1020	102	-4.29795742128044	0.0152761489152908
1021	102.1	-4.72309693088755	0.0165644504595548
1022	102.2	-5.40203184471466	0.0165644504595548
1023	102.3	-5.99336225353181	0.0165644504595548
1024	102.4	-6.49708815733902	0.0165644504595548
1025	102.5	-6.72511753067374	0.0165644504595548
1026	102.6	-6.92480427003466	0.0165644504595548
1027	102.7	-7.10387818468735	0.0178527520038188
1028	102.8	-7.3306192564778	0.0165644504595548
1029	102.9	-7.45558450627141	0.0165644504595548
1030	103	-7.61404559621587	0.0165644504595548
1031	103.1	-7.8704176035244	0.0165644504595548
1032	103.2	-8.04433831200004	0.0165644504595548
1033	103.3	-8.30071031930856	0.0165644504595548
1034	103.4	-8.54033440654166	0.0165644504595548
1035	103.5	-8.54935251735151	0.0165644504595548
1036	103.6	-8.60990268993191	0.0178527520038188
1037	103.7	-8.70652530575171	0.0178527520038188
1038	103.8	-8.81474263546988	0.0165644504595548
1039	103.9	-8.92424826673232	0.0165644504595548
1040	104	-8.94486109144054	0.0178527520038188
1041	104.1	-8.98479843931273	0.0178527520038188
1042	104.2	-8.99510485166684	0.0178527520038188
1043	104.3	-8.9319780759979	0.0178527520038188
1044	104.4	-8.92940147290938	0.0191410535480827
1045	104.5	-8.8997705373913	0.0178527520038188
1046	104.6	-8.80958942929283	0.0178527520038188
1047	104.7	-8.76321057369933	0.0191410535480827
1048	104.8	-8.68848908413202	0.0178527520038188
1049	104.9	-8.65885814861394	0.0178527520038188
1050	105	-8.4746310277842	0.0178527520038188
1051	105.1	-8.1886280849576	0.0191410535480827
1052	105.2	-8.06495113670826	0.0191410535480827
1053	105.3	-7.80471422476694	0.0191410535480827
1054	105.4	-7.50711656804197	0.0191410535480827
1055	105.5	-7.10645478777587	0.0191410535480827
1056	105.6	-6.9660299194511	0.0191410535480827
1057	105.7	-6.60272888396867	0.0191410535480827
1058	105.8	-5.5540514269378	0.0191410535480827
1059	105.9	-4.51181547762826	0.0204293550923467
1060	106	-4.33016495988704	0.0191410535480827
1061	106.1	-3.91533186263405	0.0191410535480827
1062	106.2	-3.15265734842978	0.0204293550923467
1063	106.3	-2.87051931023598	0.0204293550923467
1064	106.4	-2.57420995505527	0.0204293550923467
1065	106.5	-2.27145909215324	0.0204293550923467
1066	106.6	-2.03441160800867	0.0204293550923467
1067	106.7	-2.03956481418572	0.0204293550923467
1068	106.8	-1.46111742081121	0.0217176566366106
1069	106.9	-1.40829705749638	0.0217176566366106
1070	107	-1.32971066329628	0.0204293550923467
1071	107.1	-1.08493336988613	0.0204293550923467
1072	107.2	-0.89941794751212	0.0217176566366106
1073	107.3	-0.591513878433034	0.0217176566366106
1074	107.4	-0.5283871027641	0.0217176566366106
1075	107.5	-0.483296548714861	0.0217176566366106
1076	107.6	-0.373790917452425	0.0217176566366106
1077	107.7	-0.216618129052222	0.0217176566366106
1078	107.8	-0.15735625801608	0.0217176566366106
1079	107.9	-0.145761544117704	0.0217176566366106
1080	108	-0.0864996730815619	0.0217176566366106
1081	108.1	-0.0774815622717142	0.0217176566366106
1082	108.2	-0.0710400545503944	0.0217176566366106
1083	108.3	-0.0671751499176025	0.0217176566366106
1084	108.4	-0.0697517530061305	0.0217176566366106
1085	108.5	-0.0761932607274503	0.0217176566366106
1086	108.6	-0.229501144494861	0.0230059581808746
1087	108.7	-0.328700363403186	0.0230059581808746
1088	108.8	-0.341583378845826	0.0217176566366106
1089	108.9	-0.538693515118212	0.0217176566366106
1090	109	-0.668811971088871	0.0217176566366106
1091	109.1	-0.752551571466029	0.0230059581808746
1092	109.2	-0.994752261787653	0.0230059581808746
1093	109.3	-1.28075520461425	0.0230059581808746
1094	109.4	-1.55902833817527	0.0230059581808746
1095	109.5	-1.83472486864775	0.0230059581808746
1096	109.6	-2.02152859256603	0.0230059581808746
1097	109.7	-2.41059565893374	0.0230059581808746
1098	109.8	-2.72622953727841	0.0230059581808746
1099	109.9	-2.9233396735508	0.0242942597251385
1100	110	-3.25056826579385	0.0230059581808746
1101	110.1	-3.65123004605994	0.0242942597251385
1102	110.2	-3.93465638579801	0.0242942597251385
1103	110.3	-4.45126530504785	0.0242942597251385
1104	110.4	-4.8107014358975	0.0255825612694025
1105	110.5	-4.96529762120917	0.0242942597251385
1106	110.6	-5.2538771671243	0.0242942597251385
1107	110.7	-5.52699709450826	0.0242942597251385
1108	110.8	-5.65711555047892	0.0242942597251385
1109	110.9	-5.92894717631862	0.0255825612694025
1110	111	-6.06808374309912	0.0255825612694025
1111	111.1	-6.1582648511976	0.0255825612694025
1112	111.2	-6.22139162686653	0.0255825612694025
1113	111.3	-6.25875237165019	0.0255825612694025
1114	111.4	-6.30255462415516	0.0268708628136665
1115	111.5	-6.27936519635841	0.0268708628136665
1116	111.6	-6.19304899289273	0.0268708628136665
1117	111.7	-6.05520072765648	0.0255825612694025
1118	111.8	-5.91219925624318	0.0255825612694025
1119	111.9	-5.69447629526258	0.0268708628136665
1120	112	-5.08382136328146	0.0255825612694025
1121	112.1	-4.50150906527415	0.0268708628136665
1122	112.2	-3.83803376997821	0.0268708628136665
1123	112.3	-3.13333282526582	0.0268708628136665
1124	112.4	-2.64764314307831	0.0268708628136665
1125	112.5	-2.27790059987456	0.0268708628136665
1126	112.6	-2.10397989139892	0.0281591643579304
1127	112.7	-1.9261942782905	0.0281591643579304
1128	112.8	-1.80380563158542	0.0281591643579304
1129	112.9	-1.64920944627374	0.0281591643579304
1130	113	-1.50105476868339	0.0281591643579304
1131	113.1	-1.32971066329628	0.0281591643579304
1132	113.2	-1.14161863783374	0.0268708628136665
1133	113.3	-0.869787011994049	0.0281591643579304
1134	113.4	-0.684271589620039	0.0281591643579304
1135	113.5	-0.57090105372481	0.0281591643579304
1136	113.6	-0.435629391577095	0.0268708628136665
1137	113.7	-0.340295077301562	0.0268708628136665
1138	113.8	-0.28103320626542	0.0268708628136665
1139	113.9	-0.272015095455572	0.0268708628136665
1140	114	-0.143184941029176	0.0281591643579304
1141	114.1	-0.119995513232425	0.0281591643579304
1142	114.2	-0.109689100878313	0.0281591643579304
1143	114.3	-0.0942294823471457	0.0281591643579304
1144	114.4	-0.0787698638159782	0.0281591643579304
1145	114.5	-0.0710400545503944	0.0281591643579304
1146	114.6	-0.0697517530061305	0.0281591643579304
1147	114.7	-0.0890762761700898	0.0281591643579304
1148	114.8	-0.104535894701257	0.0281591643579304
1149	114.9	-0.136743433307856	0.0281591643579304
1150	115	-0.186987193534151	0.0281591643579304
1151	115.1	-0.300357729429379	0.0281591643579304
1152	115.2	-0.322258855681866	0.0294474659021944
1153	115.3	-0.510350881144404	0.0294474659021944
1154	115.4	-0.672676875721663	0.0281591643579304
1155	115.5	-0.72034403285943	0.0281591643579304
1156	115.6	-0.792488919338211	0.0294474659021944
1157	115.7	-0.958679818548262	0.0294474659021944
1158	115.8	-0.990887357154861	0.0294474659021944
1159	115.9	-1.09652808378451	0.0294474659021944
1160	116	-1.30265633086674	0.0294474659021944
1161	116.1	-1.35934159881435	0.0294474659021944
1162	116.2	-1.36320650344715	0.0294474659021944
1163	116.3	-1.44565780228004	0.0294474659021944
1164	116.4	-1.46755892853253	0.0294474659021944
1165	116.5	-1.56031663971953	0.0307357674464583
1166	116.6	-1.66080416017212	0.0307357674464583
1167	116.7	-1.6865701910574	0.0294474659021944
1168	116.8	-1.71491282503121	0.0294474659021944
1169	116.9	-1.72908414201811	0.0294474659021944
1170	117	-1.70975961885415	0.0307357674464583
1171	117.1	-1.63117322465405	0.0307357674464583
1172	117.2	-1.58479436906055	0.0307357674464583
1173	117.3	-1.47271213470958	0.0307357674464583
1174	117.4	-1.38768423278816	0.0307357674464583
1175	117.5	-1.28075520461425	0.0320240689907223
1176	117.6	-1.18670919188298	0.0320240689907223
1177	117.7	-1.01665338804014	0.0307357674464583
1178	117.8	-0.854327393462881	0.0320240689907223
1179	117.9	-0.697154605062678	0.0320240689907223
1180	118	-0.591513878433034	0.0320240689907223
1181	118.1	-0.53482861048542	0.0320240689907223
1182	118.2	-0.444647502386943	0.0320240689907223
1183	118.3	-0.360907902009785	0.0320240689907223
1184	118.4	-0.292627920163795	0.0320240689907223
1185	118.5	-0.248825667658821	0.0320240689907223
1186	118.6	-0.194717002799734	0.0333123705349863
1187	118.7	-0.126437020953745	0.0333123705349863
1188	118.8	-0.083923069993034	0.0333123705349863
1189	118.9	-0.053003832930699	0.0333123705349863
1190	119	-0.0452740236651152	0.0346006720792502
1191	119.1	-0.0452740236651152	0.0333123705349863
1192	119.2	-0.053003832930699	0.0346006720792502
1193	119.3	-0.0594453406520188	0.0346006720792502
1194	119.4	-0.0658868483733386	0.0358889736235142
1195	119.5	-0.0607336421962827	0.0358889736235142
1196	119.6	-0.0555804360192269	0.0358889736235142
1197	119.7	-0.0478506267536432	0.0371772751677781
1198	119.8	-0.0401208174880594	0.0371772751677781
1199	119.9	-0.0362559128552675	0.0371772751677781
1200	120	-0.0311027066782117	0.0371772751677781
1201	120.1	-0.0233728974126279	0.0384655767120421
1202	120.2	-0.0182196912355721	0.0384655767120421
1203	120.3	-0.0169313896913081	0.0384655767120421
1204	120.4	-0.0182196912355721	0.0384655767120421
1205	120.5	-0.0207962943241	0.0384655767120421
1206	120.6	-0.0246611989568919	0.0384655767120421
1207	120.7	-0.0311027066782117	0.0397538782563061
1208	120.8	-0.0362559128552675	0.0384655767120421
1209	120.9	-0.0401208174880594	0.0397538782563061
1210	121	-0.0452740236651152	0.0397538782563061
1211	121.1	-0.0439857221208513	0.0397538782563061
1212	121.2	-0.0375442143995315	0.0397538782563061
1213	121.3	-0.0272378020454198	0.04104217980057
1214	121.4	-0.0207962943241	0.042330481344834
1215	121.5	-0.0207962943241	0.04104217980057
1216	121.6	-0.022084595868364	0.04104217980057
1217	121.7	-0.022084595868364	0.04104217980057
1218	121.8	-0.0285261035896838	0.042330481344834
1219	121.9	-0.0388325159437954	0.042330481344834
1220	122	-0.0542921344749629	0.042330481344834
1221	122.1	-0.0787698638159782	0.042330481344834
1222	122.2	-0.0942294823471457	0.042330481344834
1223	122.3	-0.112265703966841	0.0436187828890979
1224	122.4	-0.134166830219328	0.042330481344834
1225	122.5	-0.145761544117704	0.042330481344834
1226	122.6	-0.170239273458719	0.042330481344834
1227	122.7	-0.20631171669811	0.042330481344834
1228	122.8	-0.248825667658821	0.0436187828890979
1229	122.9	-0.304222634062171	0.0436187828890979
1230	123	-0.335141871124506	0.0436187828890979
1231	123.1	-0.360907902009785	0.0436187828890979
1232	123.2	-0.369926012819633	0.0436187828890979
1233	123.3	-0.367349409731105	0.0449070844333619
1234	123.4	-0.366061108186841	0.0449070844333619
1235	123.5	-0.358331298921257	0.0436187828890979
1236	123.6	-0.355754695832729	0.0449070844333619
1237	123.7	-0.344159981934354	0.0436187828890979
1238	123.8	-0.332565268035978	0.0449070844333619
1239	123.9	-0.317105649504811	0.0449070844333619
1240	124	-0.313240744872019	0.0449070844333619
1241	124.1	-0.313240744872019	0.0461953859776258
1242	124.2	-0.309375840239227	0.0461953859776258
1243	124.3	-0.295204523252323	0.0461953859776258
1244	124.4	-0.284898110898212	0.0461953859776258
1245	124.5	-0.260420381557196	0.0449070844333619
1246	124.6	-0.235942652216181	0.0449070844333619
1247	124.7	-0.217906430596486	0.0461953859776258
1248	124.8	-0.192140399711207	0.0461953859776258
1249	124.9	-0.152203051839024	0.0461953859776258
1250	125	-0.113554005511105	0.0474836875218898
1251	125.1	-0.0800581653602421	0.0474836875218898
1252	125.2	-0.0581570391077548	0.0461953859776258
1253	125.3	-0.0388325159437954	0.0474836875218898
1254	125.4	-0.022084595868364	0.0487719890661538
1255	125.5	-0.0195079927798361	0.0487719890661538
1256	125.6	-0.0285261035896838	0.0487719890661538
1257	125.7	-0.0439857221208513	0.0487719890661538
1258	125.8	-0.0594453406520188	0.0487719890661538
1259	125.9	-0.0684634514618665	0.0500602906104177
1260	126	-0.0774815622717142	0.0500602906104177
1261	126.1	-0.114842307055369	0.0500602906104177
1262	126.2	-0.163797765737399	0.0500602906104177
1263	126.3	-0.194717002799734	0.0500602906104177
1264	126.4	-0.233366049127653	0.0500602906104177
1265	126.5	-0.259132080012932	0.0513485921546817
1266	126.6	-0.269438492367044	0.0513485921546817
1267	126.7	-0.26815019082278	0.0513485921546817
1268	126.8	-0.265573587734252	0.0526368936989456
1269	126.9	-0.250113969203085	0.0513485921546817
1270	127	-0.230789446039125	0.0526368936989456
1271	127.1	-0.214041525963694	0.0526368936989456
1272	127.2	-0.190852098166943	0.0526368936989456
1273	127.3	-0.167662670370191	0.0526368936989456
1274	127.4	-0.147049845661968	0.0526368936989456
1275	127.5	-0.114842307055369	0.0539251952432096
1276	127.6	-0.0774815622717142	0.0539251952432096
1277	127.7	-0.0581570391077548	0.0539251952432096
1278	127.8	-0.0452740236651152	0.0539251952432096
1279	127.9	-0.0388325159437954	0.0539251952432096
1280	128	-0.0323910082224756	0.0552134967874736
1281	128.1	-0.0246611989568919	0.0552134967874736
1282	128.2	-0.0195079927798361	0.0552134967874736
1283	128.3	-0.0169313896913081	0.0552134967874736
1284	128.4	-0.0169313896913081	0.0552134967874736
1285	128.5	-0.0182196912355721	0.0552134967874736
1286	128.6	-0.0195079927798361	0.0552134967874736
1287	128.7	-0.0207962943241	0.0565017983317375
1288	128.8	-0.0233728974126279	0.0565017983317375
1289	128.9	-0.0259495005011559	0.0565017983317375
1290	129	-0.0285261035896838	0.0577900998760015
1291	129.1	-0.0323910082224756	0.0577900998760015
1292	129.2	-0.0349676113110036	0.0577900998760015
1293	129.3	-0.0349676113110036	0.0577900998760015
1294	129.4	-0.0349676113110036	0.0577900998760015
1295	129.5	-0.0323910082224756	0.0577900998760015
1296	129.6	-0.0311027066782117	0.0590784014202654
1297	129.7	-0.0298144051339477	0.0590784014202654
1298	129.8	-0.0259495005011559	0.0590784014202654
1299	129.9	-0.0259495005011559	0.0603667029645294
1300	130	-0.0246611989568919	0.0603667029645294
1301	130.1	-0.022084595868364	0.0603667029645294
1302	130.2	-0.0182196912355721	0.0603667029645294
1303	130.3	-0.0169313896913081	0.0616550045087934
1304	130.4	-0.0169313896913081	0.0616550045087934
1305	130.5	-0.0182196912355721	0.0616550045087934
1306	130.6	-0.0182196912355721	0.0616550045087934
1307	130.7	-0.0169313896913081	0.0616550045087934
1308	130.8	-0.0169313896913081	0.0629433060530573
1309	130.9	-0.0182196912355721	0.0629433060530573
1310	131	-0.0195079927798361	0.0616550045087934
1311	131.1	-0.0195079927798361	0.0629433060530573
1312	131.2	-0.0195079927798361	0.0629433060530573
1313	131.3	-0.0182196912355721	0.0629433060530573
1314	131.4	-0.0195079927798361	0.0629433060530573
1315	131.5	-0.0195079927798361	0.0629433060530573
1316	131.6	-0.0195079927798361	0.0642316075973213
1317	131.7	-0.0195079927798361	0.0629433060530573
1318	131.8	-0.0169313896913081	0.0629433060530573
1319	131.9	-0.0169313896913081	0.0629433060530573
1320	132	-0.0169313896913081	0.0642316075973213
1321	132.1	-0.0182196912355721	0.0655199091415852
1322	132.2	-0.0182196912355721	0.0642316075973213
1323	132.3	-0.0207962943241	0.0655199091415852
1324	132.4	-0.0207962943241	0.0642316075973213
1325	132.5	-0.0259495005011559	0.0655199091415852
1326	132.6	-0.0311027066782117	0.0655199091415852
1327	132.7	-0.0375442143995315	0.0655199091415852
1328	132.8	-0.0452740236651152	0.0655199091415852
1329	132.9	-0.0581570391077548	0.0655199091415852
1330	133	-0.0697517530061305	0.0668082106858492
1331	133.1	-0.0800581653602421	0.0668082106858492
1332	133.2	-0.0864996730815619	0.0668082106858492
1333	133.3	-0.0942294823471457	0.0668082106858492
1334	133.4	-0.107112497789785	0.0680965122301131
1335	133.5	-0.109689100878313	0.0680965122301131
1336	133.6	-0.109689100878313	0.0693848137743771
1337	133.7	-0.108400799334049	0.0693848137743771
1338	133.8	-0.103247593156993	0.0693848137743771
1339	133.9	-0.0942294823471457	0.0693848137743771
1340	134	-0.08263476844877	0.0693848137743771
1341	134.1	-0.0723283560946584	0.0706731153186411
1342	134.2	-0.0594453406520188	0.0706731153186411
1343	134.3	-0.0491389282979071	0.0706731153186411
1344	134.4	-0.0414091190323234	0.0706731153186411
1345	134.5	-0.0362559128552675	0.0706731153186411
1346	134.6	-0.0285261035896838	0.071961416862905
1347	134.7	-0.0259495005011559	0.071961416862905
1348	134.8	-0.022084595868364	0.0706731153186411
1349	134.9	-0.0195079927798361	0.071961416862905
1350	135	-0.0195079927798361	0.071961416862905
1351	135.1	-0.0169313896913081	0.071961416862905
1352	135.2	-0.0195079927798361	0.071961416862905
1353	135.3	-0.0207962943241	0.071961416862905
1354	135.4	-0.0259495005011559	0.071961416862905
1355	135.5	-0.0323910082224756	0.073249718407169
1356	135.6	-0.0414091190323234	0.073249718407169
1357	135.7	-0.0478506267536432	0.073249718407169
1358	135.8	-0.0542921344749629	0.073249718407169
1359	135.9	-0.0607336421962827	0.0745380199514329
1360	136	-0.0723283560946584	0.0745380199514329
1361	136.1	-0.0813464669045061	0.0758263214956969
1362	136.2	-0.0903645777143538	0.0745380199514329
1363	136.3	-0.0955177838914096	0.0758263214956969
1364	136.4	-0.0993826885242015	0.0758263214956969
1365	136.5	-0.114842307055369	0.0758263214956969
1366	136.6	-0.119995513232425	0.0758263214956969
1367	136.7	-0.121283814776689	0.0758263214956969
1368	136.8	-0.123860417865217	0.0758263214956969
1369	136.9	-0.126437020953745	0.0771146230399609
1370	137	-0.129013624042273	0.0771146230399609
1371	137.1	-0.126437020953745	0.0771146230399609
1372	137.2	-0.123860417865217	0.0771146230399609
1373	137.3	-0.122572116320953	0.0771146230399609
1374	137.4	-0.112265703966841	0.0784029245842248
1375	137.5	-0.101959291612729	0.0784029245842248
1376	137.6	-0.0916528792586178	0.0796912261284888
1377	137.7	-0.0710400545503944	0.0796912261284888
1378	137.8	-0.0478506267536432	0.0796912261284888
1379	137.9	-0.0362559128552675	0.0809795276727527
1380	138	-0.0285261035896838	0.0809795276727527
1381	138.1	-0.022084595868364	0.0809795276727527
1382	138.2	-0.0195079927798361	0.0822678292170167
1383	138.3	-0.0207962943241	0.0835561307612807
1384	138.4	-0.022084595868364	0.0835561307612807
1385	138.5	-0.0233728974126279	0.0848444323055446
1386	138.6	-0.0233728974126279	0.0861327338498086
1387	138.7	-0.0233728974126279	0.0861327338498086
1388	138.8	-0.0182196912355721	0.0861327338498086
1389	138.9	-0.0182196912355721	0.0874210353940725
1390	139	-0.0182196912355721	0.0874210353940725
1391	139.1	-0.0195079927798361	0.0874210353940725
1392	139.2	-0.0195079927798361	0.0887093369383365
1393	139.3	-0.0182196912355721	0.0899976384826005
1394	139.4	-0.0182196912355721	0.0912859400268644
1395	139.5	-0.0182196912355721	0.0912859400268644
1396	139.6	-0.0195079927798361	0.0912859400268644
1397	139.7	-0.0195079927798361	0.0925742415711284
1398	139.8	-0.0233728974126279	0.0925742415711284
1399	139.9	-0.0311027066782117	0.0938625431153923
1400	140	-0.0375442143995315	0.0938625431153923
1401	140.1	-0.0401208174880594	0.0938625431153923
1402	140.2	-0.0491389282979071	0.0951508446596563
1403	140.3	-0.0542921344749629	0.0951508446596563
1404	140.4	-0.0620219437405467	0.0964391462039202
1405	140.5	-0.0645985468290746	0.0964391462039202
1406	140.6	-0.0607336421962827	0.0977274477481842
1407	140.7	-0.0568687375634909	0.0977274477481842
1408	140.8	-0.0478506267536432	0.0977274477481842
1409	140.9	-0.0414091190323234	0.0990157492924482
1410	141	-0.0349676113110036	0.0990157492924482
1411	141.1	-0.0246611989568919	0.0990157492924482
1412	141.2	-0.0195079927798361	0.100304050836712
1413	141.3	-0.0195079927798361	0.100304050836712
1414	141.4	-0.0182196912355721	0.101592352380976
1415	141.5	-0.0233728974126279	0.101592352380976
1416	141.6	-0.0336793097667396	0.10288065392524
1417	141.7	-0.0607336421962827	0.10288065392524
1418	141.8	-0.0736166576389223	0.104168955469504
1419	141.9	-0.0658868483733386	0.104168955469504
1420	142	-0.0581570391077548	0.105457257013768
1421	142.1	-0.053003832930699	0.105457257013768
1422	142.2	-0.0504272298421711	0.105457257013768
1423	142.3	-0.0491389282979071	0.105457257013768
1424	142.4	-0.0401208174880594	0.106745558558032
1425	142.5	-0.0311027066782117	0.106745558558032
1426	142.6	-0.0272378020454198	0.106745558558032
1427	142.7	-0.0259495005011559	0.106745558558032
1428	142.8	-0.0207962943241	0.108033860102296
1429	142.9	-0.0182196912355721	0.108033860102296
1430	143	-0.0169313896913081	0.10932216164656
1431	143.1	-0.0182196912355721	0.10932216164656
1432	143.2	-0.0195079927798361	0.110610463190824
1433	143.3	-0.0207962943241	0.110610463190824
1434	143.4	-0.0233728974126279	0.111898764735088
1435	143.5	-0.022084595868364	0.111898764735088
1436	143.6	-0.0233728974126279	0.111898764735088
1437	143.7	-0.0259495005011559	0.111898764735088
1438	143.8	-0.0246611989568919	0.113187066279352
1439	143.9	-0.0246611989568919	0.113187066279352
1440	144	-0.0233728974126279	0.113187066279352
1441	144.1	-0.0195079927798361	0.114475367823616
1442	144.2	-0.0195079927798361	0.114475367823616
1443	144.3	-0.0182196912355721	0.114475367823616
1444	144.4	-0.0182196912355721	0.11576366936788
1445	144.5	-0.0182196912355721	0.11576366936788
1446	144.6	-0.0195079927798361	0.11576366936788
1447	144.7	-0.0195079927798361	0.117051970912144
1448	144.8	-0.0195079927798361	0.117051970912144
1449	144.9	-0.0195079927798361	0.118340272456408
1450	145	-0.0182196912355721	0.118340272456408
1451	145.1	-0.0182196912355721	0.118340272456408
1452	145.2	-0.0182196912355721	0.118340272456408
1453	145.3	-0.0195079927798361	0.119628574000672
1454	145.4	-0.0195079927798361	0.119628574000672
1455	145.5	-0.0233728974126279	0.119628574000672
1456	145.6	-0.0259495005011559	0.120916875544935
1457	145.7	-0.0323910082224756	0.120916875544935
1458	145.8	-0.0349676113110036	0.120916875544935
1459	145.9	-0.0414091190323234	0.122205177089199
1460	146	-0.0452740236651152	0.123493478633463
1461	146.1	-0.0439857221208513	0.123493478633463
1462	146.2	-0.0439857221208513	0.123493478633463
1463	146.3	-0.0401208174880594	0.123493478633463
1464	146.4	-0.0323910082224756	0.124781780177727
1465	146.5	-0.0272378020454198	0.124781780177727
1466	146.6	-0.0207962943241	0.124781780177727
1467	146.7	-0.0195079927798361	0.126070081721991
1468	146.8	-0.0195079927798361	0.127358383266255
1469	146.9	-0.022084595868364	0.127358383266255
1470	147	-0.0285261035896838	0.127358383266255
1471	147.1	-0.0362559128552675	0.129934986354783
1472	147.2	-0.0478506267536432	0.129934986354783
1473	147.3	-0.0542921344749629	0.129934986354783
1474	147.4	-0.0555804360192269	0.131223287899047
1475	147.5	-0.0581570391077548	0.131223287899047
1476	147.6	-0.0568687375634909	0.131223287899047
1477	147.7	-0.0568687375634909	0.131223287899047
1478	147.8	-0.0555804360192269	0.132511589443311
1479	147.9	-0.051715531386435	0.132511589443311
1480	148	-0.0478506267536432	0.133799890987575
1481	148.1	-0.0414091190323234	0.133799890987575
1482	148.2	-0.0375442143995315	0.133799890987575
1483	148.3	-0.0311027066782117	0.135088192531839
1484	148.4	-0.0259495005011559	0.135088192531839
1485	148.5	-0.0246611989568919	0.135088192531839
1486	148.6	-0.022084595868364	0.135088192531839
1487	148.7	-0.022084595868364	0.135088192531839
1488	148.8	-0.022084595868364	0.135088192531839
1489	148.9	-0.0207962943241	0.135088192531839
1490	149	-0.0207962943241	0.136376494076103
1491	149.1	-0.0182196912355721	0.136376494076103
1492	149.2	-0.0182196912355721	0.136376494076103
1493	149.3	-0.0195079927798361	0.137664795620367
1494	149.4	-0.022084595868364	0.137664795620367
1495	149.5	-0.022084595868364	0.137664795620367
1496	149.6	-0.022084595868364	0.138953097164631
1497	149.7	-0.0246611989568919	0.138953097164631
1498	149.8	-0.0246611989568919	0.138953097164631
1499	149.9	-0.022084595868364	0.140241398708895
1500	150	-0.022084595868364	0.140241398708895
1501	150.1	-0.0195079927798361	0.140241398708895
1502	150.2	-0.0195079927798361	0.141529700253159
1503	150.3	-0.0195079927798361	0.141529700253159
1504	150.4	-0.0182196912355721	0.141529700253159
1505	150.5	-0.0182196912355721	0.142818001797423
1506	150.6	-0.0182196912355721	0.142818001797423
1507	150.7	-0.0195079927798361	0.142818001797423
1508	150.8	-0.0195079927798361	0.142818001797423
1509	150.9	-0.0182196912355721	0.144106303341687
1510	151	-0.0182196912355721	0.144106303341687
1511	151.1	-0.0182196912355721	0.145394604885951
1512	151.2	-0.0195079927798361	0.145394604885951
1513	151.3	-0.0182196912355721	0.145394604885951
1514	151.4	-0.0195079927798361	0.145394604885951
1515	151.5	-0.022084595868364	0.146682906430215
1516	151.6	-0.0246611989568919	0.146682906430215
1517	151.7	-0.0285261035896838	0.147971207974479
1518	151.8	-0.0311027066782117	0.147971207974479
1519	151.9	-0.0311027066782117	0.149259509518743
1520	152	-0.0285261035896838	0.149259509518743
1521	152.1	-0.0272378020454198	0.150547811063007
1522	152.2	-0.0233728974126279	0.150547811063007
1523	152.3	-0.022084595868364	0.150547811063007
1524	152.4	-0.022084595868364	0.15183611260727
1525	152.5	-0.0195079927798361	0.15183611260727
1526	152.6	-0.0195079927798361	0.15183611260727
1527	152.7	-0.0195079927798361	0.15183611260727
1528	152.8	-0.0182196912355721	0.153124414151534
1529	152.9	-0.0207962943241	0.153124414151534
1530	153	-0.022084595868364	0.153124414151534
1531	153.1	-0.022084595868364	0.153124414151534
1532	153.2	-0.0272378020454198	0.154412715695798
1533	153.3	-0.0349676113110036	0.154412715695798
1534	153.4	-0.0401208174880594	0.154412715695798
1535	153.5	-0.0439857221208513	0.154412715695798
1536	153.6	-0.0465623252093792	0.155701017240062
1537	153.7	-0.0465623252093792	0.155701017240062
1538	153.8	-0.0426974205765873	0.156989318784326
1539	153.9	-0.0375442143995315	0.156989318784326
1540	154	-0.0349676113110036	0.156989318784326
1541	154.1	-0.0298144051339477	0.15827762032859
1542	154.2	-0.0259495005011559	0.15827762032859
1543	154.3	-0.022084595868364	0.15827762032859
1544	154.4	-0.0207962943241	0.159565921872854
1545	154.5	-0.0182196912355721	0.160854223417118
1546	154.6	-0.0182196912355721	0.160854223417118
1547	154.7	-0.0182196912355721	0.160854223417118
1548	154.8	-0.0195079927798361	0.160854223417118
1549	154.9	-0.0182196912355721	0.162142524961382
1550	155	-0.022084595868364	0.163430826505646
1551	155.1	-0.0233728974126279	0.163430826505646
1552	155.2	-0.022084595868364	0.163430826505646
1553	155.3	-0.0233728974126279	0.163430826505646
1554	155.4	-0.0233728974126279	0.16471912804991
1555	155.5	-0.022084595868364	0.16471912804991
1556	155.6	-0.0207962943241	0.166007429594174
1557	155.7	-0.0195079927798361	0.166007429594174
1558	155.8	-0.0195079927798361	0.167295731138438
1559	155.9	-0.0195079927798361	0.168584032682702
1560	156	-0.0182196912355721	0.168584032682702
1561	156.1	-0.0182196912355721	0.169872334226966
1562	156.2	-0.0195079927798361	0.169872334226966
1563	156.3	-0.0207962943241	0.17116063577123
1564	156.4	-0.0233728974126279	0.172448937315494
1565	156.5	-0.0259495005011559	0.173737238859758
1566	156.6	-0.0272378020454198	0.173737238859758
1567	156.7	-0.0272378020454198	0.175025540404022
1568	156.8	-0.0246611989568919	0.175025540404022
1569	156.9	-0.0233728974126279	0.176313841948286
1570	157	-0.0207962943241	0.17760214349255
1571	157.1	-0.0207962943241	0.17760214349255
1572	157.2	-0.0195079927798361	0.17760214349255
1573	157.3	-0.0182196912355721	0.17760214349255
1574	157.4	-0.0182196912355721	0.178890445036814
1575	157.5	-0.0195079927798361	0.178890445036814
1576	157.6	-0.0195079927798361	0.178890445036814
1577	157.7	-0.0207962943241	0.180178746581078
1578	157.8	-0.0233728974126279	0.178890445036814
1579	157.9	-0.0233728974126279	0.180178746581078
1580	158	-0.0259495005011559	0.178890445036814
1581	158.1	-0.0285261035896838	0.181467048125342
1582	158.2	-0.0298144051339477	0.180178746581078
1583	158.3	-0.0349676113110036	0.181467048125342
1584	158.4	-0.0336793097667396	0.181467048125342
1585	158.5	-0.0323910082224756	0.182755349669605
1586	158.6	-0.0298144051339477	0.182755349669605
1587	158.7	-0.0259495005011559	0.184043651213869
1588	158.8	-0.0246611989568919	0.184043651213869
1589	158.9	-0.022084595868364	0.184043651213869
1590	159	-0.0207962943241	0.185331952758133
1591	159.1	-0.022084595868364	0.185331952758133
1592	159.2	-0.0195079927798361	0.185331952758133
1593	159.3	-0.0182196912355721	0.185331952758133
1594	159.4	-0.0195079927798361	0.186620254302397
1595	159.5	-0.0195079927798361	0.186620254302397
1596	159.6	-0.0207962943241	0.186620254302397
1597	159.7	-0.0195079927798361	0.186620254302397
1598	159.8	-0.022084595868364	0.187908555846661
1599	159.9	-0.022084595868364	0.187908555846661
1600	160	-0.022084595868364	0.187908555846661
1601	160.1	-0.022084595868364	0.189196857390925
1602	160.2	-0.0233728974126279	0.189196857390925
1603	160.3	-0.022084595868364	0.189196857390925
1604	160.4	-0.0207962943241	0.190485158935189
1605	160.5	-0.0195079927798361	0.190485158935189
1606	160.6	-0.0207962943241	0.190485158935189
1607	160.7	-0.0195079927798361	0.190485158935189
1608	160.8	-0.0195079927798361	0.190485158935189
1609	160.9	-0.0182196912355721	0.191773460479453
1610	161	-0.0182196912355721	0.193061762023717
1611	161.1	-0.0182196912355721	0.193061762023717
1612	161.2	-0.0182196912355721	0.193061762023717
1613	161.3	-0.0182196912355721	0.194350063567981
1614	161.4	-0.0182196912355721	0.195638365112245
1615	161.5	-0.0182196912355721	0.195638365112245
1616	161.6	-0.0195079927798361	0.195638365112245
1617	161.7	-0.0195079927798361	0.196926666656509
1618	161.8	-0.0195079927798361	0.196926666656509
1619	161.9	-0.0207962943241	0.196926666656509
1620	162	-0.0195079927798361	0.198214968200773
1621	162.1	-0.022084595868364	0.198214968200773
1622	162.2	-0.022084595868364	0.198214968200773
1623	162.3	-0.022084595868364	0.198214968200773
1624	162.4	-0.0233728974126279	0.199503269745037
1625	162.5	-0.0233728974126279	0.199503269745037
1626	162.6	-0.022084595868364	0.199503269745037
1627	162.7	-0.0207962943241	0.200791571289301
1628	162.8	-0.0207962943241	0.200791571289301
1629	162.9	-0.0182196912355721	0.200791571289301
1630	163	-0.0169313896913081	0.202079872833565
1631	163.1	-0.0182196912355721	0.203368174377829
1632	163.2	-0.022084595868364	0.203368174377829
1633	163.3	-0.0259495005011559	0.204656475922093
1634	163.4	-0.0298144051339477	0.205944777466357
1635	163.5	-0.0323910082224756	0.205944777466357
1636	163.6	-0.0311027066782117	0.207233079010621
1637	163.7	-0.0311027066782117	0.207233079010621
1638	163.8	-0.0285261035896838	0.208521380554885
1639	163.9	-0.0259495005011559	0.208521380554885
1640	164	-0.0246611989568919	0.208521380554885
1641	164.1	-0.0195079927798361	0.209809682099149
1642	164.2	-0.0195079927798361	0.209809682099149
1643	164.3	-0.0182196912355721	0.209809682099149
1644	164.4	-0.0169313896913081	0.211097983643413
1645	164.5	-0.0182196912355721	0.211097983643413
1646	164.6	-0.0195079927798361	0.211097983643413
1647	164.7	-0.0182196912355721	0.212386285187677
1648	164.8	-0.0207962943241	0.212386285187677
1649	164.9	-0.0207962943241	0.212386285187677
1650	165	-0.0207962943241	0.213674586731941
1651	165.1	-0.0207962943241	0.213674586731941
1652	165.2	-0.0207962943241	0.213674586731941
1653	165.3	-0.0195079927798361	0.214962888276204
1654	165.4	-0.0207962943241	0.214962888276204
1655	165.5	-0.0195079927798361	0.214962888276204
1656	165.6	-0.0182196912355721	0.214962888276204
1657	165.7	-0.0195079927798361	0.216251189820468
1658	165.8	-0.0182196912355721	0.217539491364732
1659	165.9	-0.0169313896913081	0.218827792908996
1660	166	-0.0169313896913081	0.217539491364732
1661	166.1	-0.0182196912355721	0.218827792908996
1662	166.2	-0.0182196912355721	0.218827792908996
1663	166.3	-0.0182196912355721	0.22011609445326
1664	166.4	-0.0182196912355721	0.221404395997524
1665	166.5	-0.0195079927798361	0.221404395997524
1666	166.6	-0.0195079927798361	0.221404395997524
1667	166.7	-0.0207962943241	0.222692697541788
1668	166.8	-0.0195079927798361	0.222692697541788
1669	166.9	-0.0207962943241	0.223980999086052
1670	167	-0.0207962943241	0.223980999086052
1671	167.1	-0.0207962943241	0.223980999086052
1672	167.2	-0.0182196912355721	0.223980999086052
1673	167.3	-0.0195079927798361	0.223980999086052
1674	167.4	-0.0195079927798361	0.223980999086052
1675	167.5	-0.0169313896913081	0.225269300630316
1676	167.6	-0.0169313896913081	0.22655760217458
1677	167.7	-0.0169313896913081	0.22655760217458
1678	167.8	-0.0182196912355721	0.227845903718844
1679	167.9	-0.0195079927798361	0.227845903718844
1680	168	-0.0195079927798361	0.229134205263108
1681	168.1	-0.022084595868364	0.229134205263108
1682	168.2	-0.0259495005011559	0.230422506807372
1683	168.3	-0.0259495005011559	0.231710808351636
1684	168.4	-0.0246611989568919	0.231710808351636
1685	168.5	-0.0207962943241	0.2329991098959
1686	168.6	-0.0169313896913081	0.234287411440164
1687	168.7	-0.0169313896913081	0.234287411440164
1688	168.8	-0.0182196912355721	0.235575712984428
1689	168.9	-0.0169313896913081	0.236864014528692
1690	169	-0.0195079927798361	0.238152316072956
1691	169.1	-0.022084595868364	0.238152316072956
1692	169.2	-0.0195079927798361	0.23944061761722
1693	169.3	-0.0207962943241	0.23944061761722
1694	169.4	-0.0207962943241	0.240728919161484
1695	169.5	-0.0195079927798361	0.242017220705748
1696	169.6	-0.0182196912355721	0.242017220705748
1697	169.7	-0.0182196912355721	0.242017220705748
1698	169.8	-0.0169313896913081	0.243305522250012
1699	169.9	-0.0182196912355721	0.243305522250012
1700	170	-0.0169313896913081	0.244593823794276
1701	170.1	-0.0169313896913081	0.244593823794276
1702	170.2	-0.0182196912355721	0.245882125338539
1703	170.3	-0.0169313896913081	0.245882125338539
1704	170.4	-0.0169313896913081	0.247170426882803
1705	170.5	-0.0182196912355721	0.247170426882803
1706	170.6	-0.0195079927798361	0.247170426882803
1707	170.7	-0.0195079927798361	0.248458728427067
1708	170.8	-0.0195079927798361	0.248458728427067
1709	170.9	-0.0207962943241	0.248458728427067
1710	171	-0.0207962943241	0.248458728427067
1711	171.1	-0.022084595868364	0.249747029971331
1712	171.2	-0.0195079927798361	0.251035331515595
1713	171.3	-0.0182196912355721	0.252323633059859
1714	171.4	-0.0182196912355721	0.253611934604123
1715	171.5	-0.0169313896913081	0.253611934604123
1716	171.6	-0.0182196912355721	0.254900236148387
1717	171.7	-0.022084595868364	0.256188537692651
1718	171.8	-0.022084595868364	0.256188537692651
1719	171.9	-0.0259495005011559	0.257476839236915
1720	172	-0.0259495005011559	0.257476839236915
1721	172.1	-0.0246611989568919	0.258765140781179
1722	172.2	-0.0246611989568919	0.258765140781179
1723	172.3	-0.0233728974126279	0.258765140781179
1724	172.4	-0.022084595868364	0.258765140781179
1725	172.5	-0.022084595868364	0.260053442325443
1726	172.6	-0.0207962943241	0.260053442325443
1727	172.7	-0.0169313896913081	0.260053442325443
1728	172.8	-0.0182196912355721	0.261341743869707
1729	172.9	-0.0169313896913081	0.261341743869707
1730	173	-0.0169313896913081	0.262630045413971
1731	173.1	-0.0182196912355721	0.263918346958235
1732	173.2	-0.0182196912355721	0.265206648502499
1733	173.3	-0.0195079927798361	0.265206648502499
1734	173.4	-0.0182196912355721	0.266494950046763
1735	173.5	-0.0182196912355721	0.266494950046763
1736	173.6	-0.0182196912355721	0.266494950046763
1737	173.7	-0.0195079927798361	0.267783251591027
1738	173.8	-0.0169313896913081	0.266494950046763
1739	173.9	-0.0182196912355721	0.267783251591027
1740	174	-0.0182196912355721	0.269071553135291
1741	174.1	-0.0182196912355721	0.270359854679555
1742	174.2	-0.0169313896913081	0.270359854679555
1743	174.3	-0.0182196912355721	0.270359854679555
1744	174.4	-0.0156430881470442	0.270359854679555
1745	174.5	-0.0169313896913081	0.271648156223819
1746	174.6	-0.0169313896913081	0.272936457768083
1747	174.7	-0.0169313896913081	0.272936457768083
1748	174.8	-0.0169313896913081	0.272936457768083
1749	174.9	-0.0169313896913081	0.274224759312347
1750	175	-0.0182196912355721	0.274224759312347
1751	175.1	-0.0169313896913081	0.274224759312347
1752	175.2	-0.0182196912355721	0.275513060856611
1753	175.3	-0.0182196912355721	0.275513060856611
1754	175.4	-0.0195079927798361	0.276801362400874
1755	175.5	-0.0195079927798361	0.276801362400874
1756	175.6	-0.0182196912355721	0.276801362400874
1757	175.7	-0.0182196912355721	0.278089663945138
1758	175.8	-0.0182196912355721	0.278089663945138
1759	175.9	-0.0169313896913081	0.278089663945138
1760	176	-0.0169313896913081	0.279377965489402
1761	176.1	-0.0156430881470442	0.279377965489402
1762	176.2	-0.0156430881470442	0.280666267033666
1763	176.3	-0.0169313896913081	0.280666267033666
1764	176.4	-0.0169313896913081	0.280666267033666
1765	176.5	-0.0169313896913081	0.28195456857793
1766	176.6	-0.0195079927798361	0.28195456857793
1767	176.7	-0.022084595868364	0.28195456857793
1768	176.8	-0.0207962943241	0.283242870122194
1769	176.9	-0.022084595868364	0.284531171666458
1770	177	-0.022084595868364	0.284531171666458
1771	177.1	-0.022084595868364	0.284531171666458
1772	177.2	-0.022084595868364	0.285819473210722
1773	177.3	-0.022084595868364	0.285819473210722
1774	177.4	-0.0207962943241	0.287107774754986
1775	177.5	-0.0182196912355721	0.287107774754986
1776	177.6	-0.0182196912355721	0.28839607629925
1777	177.7	-0.0169313896913081	0.28839607629925
1778	177.8	-0.0156430881470442	0.289684377843514
1779	177.9	-0.0156430881470442	0.289684377843514
1780	178	-0.0169313896913081	0.290972679387778
1781	178.1	-0.0195079927798361	0.292260980932042
1782	178.2	-0.0182196912355721	0.293549282476306
1783	178.3	-0.0182196912355721	0.29483758402057
1784	178.4	-0.0169313896913081	0.296125885564834
1785	178.5	-0.0169313896913081	0.296125885564834
1786	178.6	-0.0156430881470442	0.297414187109098
1787	178.7	-0.0156430881470442	0.298702488653362
1788	178.8	-0.0169313896913081	0.299990790197626
1789	178.9	-0.0182196912355721	0.299990790197626
1790	179	-0.0169313896913081	0.30127909174189
1791	179.1	-0.0182196912355721	0.302567393286154
1792	179.2	-0.0182196912355721	0.302567393286154
1793	179.3	-0.0169313896913081	0.302567393286154
1794	179.4	-0.0169313896913081	0.303855694830418
1795	179.5	-0.0182196912355721	0.303855694830418
1796	179.6	-0.0182196912355721	0.305143996374682
1797	179.7	-0.0182196912355721	0.305143996374682
1798	179.8	-0.0182196912355721	0.305143996374682
1799	179.9	-0.0182196912355721	0.306432297918946
1800	180	-0.0182196912355721	0.306432297918946
1801	180.1	-0.0182196912355721	0.30772059946321
1802	180.2	-0.0182196912355721	0.309008901007473
1803	180.3	-0.0182196912355721	0.310297202551737
1804	180.4	-0.0195079927798361	0.310297202551737
1805	180.5	-0.0207962943241	0.310297202551737
1806	180.6	-0.0207962943241	0.311585504096001
1807	180.7	-0.022084595868364	0.312873805640265
1808	180.8	-0.0233728974126279	0.314162107184529
1809	180.9	-0.0207962943241	0.315450408728793
1810	181	-0.0207962943241	0.315450408728793
1811	181.1	-0.0195079927798361	0.316738710273057
1812	181.2	-0.0195079927798361	0.316738710273057
1813	181.3	-0.0182196912355721	0.316738710273057
1814	181.4	-0.0182196912355721	0.318027011817321
1815	181.5	-0.0169313896913081	0.319315313361585
1816	181.6	-0.0182196912355721	0.320603614905849
1817	181.7	-0.0182196912355721	0.320603614905849
1818	181.8	-0.0195079927798361	0.321891916450113
1819	181.9	-0.0195079927798361	0.323180217994377
1820	182	-0.0195079927798361	0.323180217994377
1821	182.1	-0.0169313896913081	0.323180217994377
1822	182.2	-0.0169313896913081	0.324468519538641
1823	182.3	-0.0169313896913081	0.325756821082905
1824	182.4	-0.0156430881470442	0.327045122627169
1825	182.5	-0.0169313896913081	0.328333424171433
1826	182.6	-0.0182196912355721	0.330910027259961
1827	182.7	-0.0195079927798361	0.332198328804225
1828	182.8	-0.0156430881470442	0.334774931892753
1829	182.9	-0.0169313896913081	0.337351534981281
1830	183	-0.022084595868364	0.339928138069808
1831	183.1	-0.0182196912355721	0.3437930427026
1832	183.2	-0.0169313896913081	0.346369645791128
1833	183.3	-0.0195079927798361	0.348946248879656
1834	183.4	-0.0169313896913081	0.351522851968184
1835	183.5	-0.0169313896913081	0.354099455056712
1836	183.6	-0.0182196912355721	0.35667605814524
1837	183.7	-0.0169313896913081	0.360540962778032
1838	183.8	-0.0169313896913081	0.361829264322296
1839	183.9	-0.0182196912355721	0.364405867410824
1840	184	-0.0195079927798361	0.368270772043616
1841	184.1	-0.0182196912355721	0.370847375132143
1842	184.2	-0.0182196912355721	0.373423978220671
1843	184.3	-0.0195079927798361	0.376000581309199
1844	184.4	-0.0182196912355721	0.378577184397727
1845	184.5	-0.0182196912355721	0.379865485941991
1846	184.6	-0.0182196912355721	0.383730390574783
1847	184.7	-0.0182196912355721	0.385018692119047
1848	184.8	-0.0169313896913081	0.388883596751839
1849	184.9	-0.0182196912355721	0.390171898296103
1850	185	-0.0207962943241	0.394036802928895
1851	185.1	-0.0182196912355721	0.396613406017423
1852	185.2	-0.0169313896913081	0.399190009105951
1853	185.3	-0.0182196912355721	0.399190009105951
1854	185.4	-0.0182196912355721	0.401766612194479
1855	185.5	-0.0182196912355721	0.403054913738742
1856	185.6	-0.0169313896913081	0.40563151682727
1857	185.7	-0.0169313896913081	0.406919818371534
1858	185.8	-0.0169313896913081	0.409496421460062
1859	185.9	-0.0169313896913081	0.410784723004326
1860	186	-0.0156430881470442	0.413361326092854
1861	186.1	-0.0182196912355721	0.414649627637118
1862	186.2	-0.0169313896913081	0.417226230725646
1863	186.3	-0.0195079927798361	0.419802833814174
1864	186.4	-0.0207962943241	0.422379436902702
1865	186.5	-0.0169313896913081	0.42495603999123
1866	186.6	-0.0169313896913081	0.42495603999123
1867	186.7	-0.0182196912355721	0.428820944624022
1868	186.8	-0.0182196912355721	0.428820944624022
1869	186.9	-0.0182196912355721	0.43139754771255
1870	187	-0.0169313896913081	0.43139754771255
1871	187.1	-0.0169313896913081	0.433974150801077
1872	187.2	-0.0182196912355721	0.436550753889605
1873	187.3	-0.0169313896913081	0.439127356978133
1874	187.4	-0.0169313896913081	0.440415658522397
1875	187.5	-0.0169313896913081	0.441703960066661
1876	187.6	-0.0156430881470442	0.442992261610925
1877	187.7	-0.0169313896913081	0.445568864699453
1878	187.8	-0.0195079927798361	0.446857166243717
1879	187.9	-0.0182196912355721	0.449433769332245
1880	188	-0.0182196912355721	0.450722070876509
1881	188.1	-0.0182196912355721	0.452010372420773
1882	188.2	-0.0182196912355721	0.454586975509301
1883	188.3	-0.0195079927798361	0.455875277053565
1884	188.4	-0.0182196912355721	0.458451880142093
1885	188.5	-0.0169313896913081	0.461028483230621
1886	188.6	-0.0182196912355721	0.461028483230621
1887	188.7	-0.0182196912355721	0.462316784774885
1888	188.8	-0.0169313896913081	0.462316784774885
1889	188.9	-0.0169313896913081	0.462316784774885
1890	189	-0.0182196912355721	0.463605086319149
1891	189.1	-0.0182196912355721	0.464893387863412
1892	189.2	-0.0169313896913081	0.464893387863412
1893	189.3	-0.0169313896913081	0.46746999095194
1894	189.4	-0.0169313896913081	0.468758292496204
1895	189.5	-0.0169313896913081	0.471334895584732
1896	189.6	-0.0169313896913081	0.47391149867326
1897	189.7	-0.0182196912355721	0.476488101761788
1898	189.8	-0.0169313896913081	0.477776403306052
1899	189.9	-0.0195079927798361	0.479064704850316
1900	190	-0.0182196912355721	0.48035300639458
1901	190.1	-0.0182196912355721	0.481641307938844
1902	190.2	-0.0182196912355721	0.482929609483108
1903	190.3	-0.0169313896913081	0.484217911027372
1904	190.4	-0.0169313896913081	0.484217911027372
1905	190.5	-0.0195079927798361	0.485506212571636
1906	190.6	-0.0182196912355721	0.4867945141159
1907	190.7	-0.0182196912355721	0.488082815660164
1908	190.8	-0.0195079927798361	0.489371117204428
1909	190.9	-0.0182196912355721	0.490659418748692
1910	191	-0.0156430881470442	0.49323602183722
1911	191.1	-0.0182196912355721	0.49323602183722
1912	191.2	-0.0182196912355721	0.494524323381484
1913	191.3	-0.0182196912355721	0.494524323381484
1914	191.4	-0.0182196912355721	0.495812624925748
1915	191.5	-0.0182196912355721	0.498389228014275
1916	191.6	-0.0169313896913081	0.499677529558539
1917	191.7	-0.0169313896913081	0.502254132647067
1918	191.8	-0.0182196912355721	0.503542434191331
1919	191.9	-0.0182196912355721	0.506119037279859
1920	192	-0.0182196912355721	0.507407338824123
1921	192.1	-0.0182196912355721	0.508695640368387
1922	192.2	-0.0207962943241	0.508695640368387
1923	192.3	-0.0195079927798361	0.509983941912651
1924	192.4	-0.0182196912355721	0.511272243456915
1925	192.5	-0.0182196912355721	0.512560545001179
1926	192.6	-0.0169313896913081	0.515137148089707
1927	192.7	-0.0195079927798361	0.516425449633971
1928	192.8	-0.0182196912355721	0.517713751178235
1929	192.9	-0.0195079927798361	0.519002052722499
1930	193	-0.0195079927798361	0.520290354266763
1931	193.1	-0.0169313896913081	0.521578655811027
1932	193.2	-0.0182196912355721	0.522866957355291
1933	193.3	-0.0182196912355721	0.524155258899555
1934	193.4	-0.0195079927798361	0.525443560443819
1935	193.5	-0.0182196912355721	0.526731861988083
1936	193.6	-0.0182196912355721	0.528020163532346
1937	193.7	-0.0195079927798361	0.530596766620874
1938	193.8	-0.0169313896913081	0.531885068165138
1939	193.9	-0.0182196912355721	0.534461671253666
1940	194	-0.0182196912355721	0.534461671253666
1941	194.1	-0.0195079927798361	0.538326575886458
1942	194.2	-0.0182196912355721	0.539614877430722
1943	194.3	-0.0195079927798361	0.540903178974986
1944	194.4	-0.0195079927798361	0.543479782063514
1945	194.5	-0.0182196912355721	0.544768083607778
1946	194.6	-0.0195079927798361	0.546056385152042
1947	194.7	-0.0182196912355721	0.546056385152042
1948	194.8	-0.0182196912355721	0.546056385152042
1949	194.9	-0.0195079927798361	0.547344686696306
1950	195	-0.0169313896913081	0.547344686696306
